1	11
2	11
3	11
4	11
5	11
6	11
7	11
8	11
9	11
10	11
11	11
12	11
13	11
14	11
15	5
16	5
17	5
18	5
19	5
20	5
21	5
22	5
23	5
24	5
25	5
26	5
27	5
28	16
29	16
30	16
31	16
32	11
33	11
34	11
35	11
36	11
37	11
38	11
39	11
40	11
41	11
42	11
43	11
44	11
45	11
46	11
47	11
48	5
49	5
50	5
51	5
52	5
53	5
54	5
55	5
56	5
57	5
58	5
59	5
60	5
61	5
62	5
63	5
64	16
65	16
66	16
67	16
68	16
69	11
70	11
71	11
72	11
73	11
74	11
75	11
76	11
77	11
78	11
79	11
80	11
81	11
82	11
83	11
84	11
85	11
86	5
87	5
88	5
89	5
90	5
91	5
92	5
93	5
94	5
95	5
96	5
97	5
98	5
99	5
100	16
101	16
102	16
103	16
104	11
105	11
106	11
107	11
108	11
109	11
110	11
111	11
112	11
113	11
114	11
115	11
116	11
117	11
118	11
119	11
120	11
121	11
122	5
123	5
124	5
125	5
126	5
127	5
128	5
129	5
130	5
131	5
132	5
133	5
134	5
135	5
136	16
137	16
138	16
139	11
140	11
141	11
142	11
143	11
144	11
145	11
146	11
147	11
148	11
149	11
150	11
151	11
152	11
153	11
154	11
155	11
156	11
157	5
158	5
159	5
160	5
161	5
162	5
163	5
164	5
165	5
166	5
167	5
168	5
169	5
170	5
171	16
172	16
173	16
174	16
175	11
176	11
177	11
178	11
179	11
180	11
181	11
182	11
183	11
184	11
185	11
186	11
187	11
188	11
189	11
190	11
191	11
192	11
193	5
194	5
195	5
196	5
197	5
198	5
199	5
200	5
201	5
202	5
203	5
204	5
205	5
206	5
207	16
208	16
209	16
210	11
211	11
212	11
213	11
214	11
215	11
216	11
217	11
218	11
219	11
220	11
221	11
222	11
223	11
224	11
225	11
226	11
227	11
228	5
229	5
230	5
231	5
232	5
233	5
234	5
235	5
236	5
237	5
238	5
239	5
240	5
241	5
242	16
243	16
244	16
245	11
246	11
247	11
248	11
249	11
250	11
251	11
252	11
253	11
254	11
255	11
256	11
257	11
258	11
259	11
260	11
261	11
262	11
263	11
264	5
265	5
266	5
267	5
268	5
269	5
270	5
271	5
272	5
273	5
274	5
275	5
276	5
277	5
278	16
279	16
280	16
281	11
282	11
283	11
284	11
285	11
286	11
287	11
288	11
289	11
290	11
291	11
292	11
293	11
294	11
295	11
296	11
297	11
298	11
299	11
300	11
301	5
302	5
303	5
304	5
305	5
306	5
307	5
308	5
309	5
310	5
311	5
312	5
313	5
314	5
315	16
316	16
317	16
318	11
319	11
320	11
321	11
322	11
323	11
324	11
325	11
326	11
327	11
328	11
329	11
330	11
331	11
332	11
333	11
334	11
335	11
336	11
337	11
338	11
339	5
340	5
341	5
342	5
343	5
344	5
345	5
346	5
347	5
348	5
349	5
350	5
351	5
352	5
353	16
354	16
355	16
356	16
357	16
358	11
359	11
360	11
361	11
362	11
363	11
364	11
365	11
366	11
367	11
368	11
369	11
370	11
371	11
372	11
373	11
374	11
375	11
376	11
377	11
378	5
379	5
380	5
381	5
382	5
383	5
384	5
385	5
386	5
387	5
388	5
389	5
390	5
391	16
392	16
393	16
394	16
395	16
396	16
397	16
398	11
399	11
400	11
401	11
402	11
403	11
404	11
405	11
406	11
407	11
408	11
409	11
410	11
411	11
412	11
413	11
414	11
415	11
416	11
417	5
418	5
419	5
420	5
421	5
422	5
423	5
424	5
425	5
426	5
427	5
428	5
429	16
430	16
431	16
432	16
433	16
434	16
435	16
436	11
437	11
438	11
439	11
440	11
441	11
442	11
443	11
444	11
445	11
446	11
447	11
448	11
449	11
450	11
451	11
452	11
453	11
454	11
455	11
456	5
457	5
458	5
459	5
460	5
461	5
462	5
463	5
464	5
465	5
466	16
467	16
468	16
469	16
470	16
471	11
472	11
473	11
474	11
475	11
476	11
477	11
478	11
479	11
480	11
481	11
482	11
483	11
484	11
485	11
486	11
487	11
488	11
489	11
490	11
491	5
492	5
493	5
494	5
495	5
496	5
497	5
498	5
499	16
500	16
501	16
502	16
503	16
504	11
505	11
506	11
507	11
508	11
509	11
510	11
511	11
512	11
513	11
514	11
515	11
516	11
517	11
518	11
519	11
520	11
521	11
522	11
523	5
524	5
525	5
526	5
527	16
528	16
529	16
530	16
531	16
532	16
533	11
534	11
535	11
536	11
537	11
538	11
539	11
540	11
541	11
542	11
543	11
544	11
545	11
546	11
547	11
548	11
549	11
550	11
551	11
552	14
553	14
554	14
555	14
556	16
557	16
558	16
559	16
560	16
561	16
562	11
563	11
564	11
565	11
566	11
567	11
568	11
569	11
570	11
571	11
572	11
573	11
574	11
575	11
576	11
577	11
578	11
579	11
580	11
581	14
582	14
583	14
584	14
585	14
586	14
587	14
588	14
589	14
590	14
591	14
592	14
593	14
594	14
595	14
596	14
597	16
598	16
599	16
600	16
601	16
602	16
603	16
604	16
605	11
606	11
607	11
608	11
609	11
610	11
611	11
612	11
613	11
614	11
615	11
616	11
617	11
618	11
619	11
620	11
621	11
622	14
623	14
624	14
625	14
626	14
627	14
628	14
629	14
630	14
631	14
632	14
633	14
634	14
635	14
636	14
637	14
638	14
639	14
640	16
641	16
642	16
643	16
644	16
645	16
646	16
647	16
648	16
649	16
650	16
651	16
652	16
653	16
654	16
655	11
656	11
657	11
658	11
659	11
660	11
661	11
662	11
663	11
664	11
665	11
666	11
667	11
668	11
669	14
670	14
671	14
672	14
673	14
674	14
675	14
676	14
677	14
678	14
679	14
680	14
681	14
682	14
683	14
684	14
685	14
686	14
687	14
688	14
689	16
690	16
691	16
692	16
693	16
694	16
695	16
696	16
697	16
698	16
699	16
700	16
701	16
702	16
703	16
704	16
705	16
706	11
707	11
708	11
709	11
710	11
711	11
712	11
713	11
714	11
715	11
716	11
717	11
718	14
719	14
720	14
721	14
722	14
723	14
724	14
725	14
726	14
727	14
728	14
729	14
730	14
731	14
732	14
733	14
734	14
735	14
736	14
737	14
738	14
739	14
740	16
741	16
742	16
743	16
744	16
745	16
746	16
747	16
748	16
749	16
750	16
751	16
752	16
753	16
754	16
755	16
756	16
757	11
758	11
759	11
760	11
761	11
762	11
763	11
764	11
765	11
766	11
767	14
768	14
769	14
770	14
771	14
772	14
773	14
774	14
775	14
776	14
777	14
778	14
779	14
780	14
781	14
782	14
783	14
784	14
785	14
786	14
787	14
788	14
789	14
790	16
791	16
792	16
793	16
794	16
795	16
796	16
797	16
798	16
799	16
800	16
801	16
802	16
803	16
804	16
805	16
806	16
807	11
808	11
809	14
810	14
811	14
812	14
813	14
814	14
815	14
816	14
817	14
818	14
819	14
820	14
821	14
822	14
823	14
824	14
825	14
826	14
827	14
828	14
829	14
830	14
831	14
832	14
833	14
834	16
835	16
836	16
837	16
838	16
839	16
840	16
841	16
842	16
843	16
844	16
845	16
846	16
847	16
848	16
849	16
850	16
851	16
852	16
853	14
854	14
855	14
856	14
857	14
858	14
859	14
860	14
861	14
862	14
863	14
864	14
865	14
866	14
867	14
868	14
869	14
870	14
871	14
872	14
873	14
874	14
875	14
876	14
877	14
878	14
879	14
880	16
881	16
882	16
883	16
884	16
885	16
886	16
887	16
888	16
889	16
890	16
891	16
892	16
893	16
894	16
895	16
896	16
897	16
898	16
899	16
900	14
901	14
902	14
903	14
904	14
905	14
906	14
907	14
908	14
909	14
910	14
911	14
912	14
913	14
914	14
915	14
916	14
917	14
918	14
919	14
920	14
921	14
922	14
923	14
924	14
925	14
926	14
927	14
928	14
929	16
930	16
931	16
932	16
933	16
934	16
935	16
936	16
937	16
938	16
939	16
940	16
941	16
942	16
943	16
944	16
945	16
946	16
947	14
948	14
949	14
950	14
951	14
952	14
953	14
954	14
955	14
956	14
957	14
958	14
959	14
960	14
961	14
962	14
963	14
964	14
965	14
966	14
967	14
968	14
969	14
970	14
971	14
972	14
973	14
974	14
975	14
976	14
977	16
978	16
979	16
980	16
981	16
982	16
983	16
984	16
985	16
986	16
987	16
988	16
989	14
990	14
991	14
992	14
993	14
994	14
995	14
996	14
997	14
998	14
999	14
1000	14
1001	14
1002	14
1003	14
1004	14
1005	14
1006	14
1007	14
1008	14
1009	14
1010	14
1011	14
1012	14
1013	14
1014	14
1015	14
1016	14
1017	14
1018	14
1019	14
1020	14
1021	14
1022	16
1023	16
1024	16
1025	16
1026	16
1027	16
1028	16
1029	16
1030	16
1031	16
1032	16
1033	16
1034	14
1035	14
1036	14
1037	14
1038	14
1039	14
1040	14
1041	14
1042	14
1043	14
1044	14
1045	14
1046	14
1047	14
1048	14
1049	14
1050	14
1051	14
1052	14
1053	14
1054	14
1055	14
1056	14
1057	14
1058	14
1059	14
1060	14
1061	14
1062	14
1063	14
1064	14
1065	14
1066	14
1067	16
1068	16
1069	16
1070	16
1071	16
1072	16
1073	16
1074	16
1075	16
1076	14
1077	14
1078	14
1079	14
1080	14
1081	14
1082	14
1083	14
1084	14
1085	14
1086	14
1087	14
1088	14
1089	14
1090	14
1091	14
1092	14
1093	14
1094	14
1095	14
1096	14
1097	14
1098	14
1099	14
1100	14
1101	14
1102	14
1103	14
1104	14
1105	14
1106	14
1107	14
1108	16
1109	16
1110	16
1111	16
1112	16
1113	16
1114	16
1115	16
1116	16
1117	14
1118	14
1119	14
1120	14
1121	14
1122	14
1123	14
1124	14
1125	14
1126	14
1127	14
1128	14
1129	14
1130	14
1131	14
1132	14
1133	14
1134	14
1135	14
1136	14
1137	14
1138	14
1139	14
1140	14
1141	14
1142	14
1143	14
1144	14
1145	14
1146	14
1147	14
1148	14
1149	16
1150	16
1151	16
1152	16
1153	16
1154	16
1155	16
1156	16
1157	16
1158	14
1159	14
1160	14
1161	14
1162	14
1163	14
1164	14
1165	14
1166	14
1167	14
1168	14
1169	14
1170	14
1171	14
1172	14
1173	14
1174	14
1175	14
1176	14
1177	14
1178	14
1179	14
1180	14
1181	14
1182	14
1183	14
1184	14
1185	13
1186	13
1187	13
1188	13
1189	13
1190	16
1191	16
1192	16
1193	16
1194	16
1195	16
1196	16
1197	16
1198	16
1199	14
1200	14
1201	14
1202	14
1203	14
1204	14
1205	14
1206	14
1207	14
1208	14
1209	14
1210	14
1211	14
1212	14
1213	14
1214	14
1215	14
1216	14
1217	14
1218	14
1219	14
1220	14
1221	14
1222	14
1223	14
1224	14
1225	13
1226	13
1227	13
1228	13
1229	13
1230	13
1231	13
1232	16
1233	16
1234	16
1235	16
1236	14
1237	14
1238	14
1239	14
1240	14
1241	14
1242	14
1243	14
1244	14
1245	14
1246	14
1247	14
1248	14
1249	14
1250	14
1251	14
1252	14
1253	14
1254	14
1255	14
1256	14
1257	14
1258	14
1259	14
1260	14
1261	13
1262	13
1263	13
1264	13
1265	13
1266	13
1267	13
1268	13
1269	16
1270	16
1271	16
1272	16
1273	14
1274	14
1275	14
1276	14
1277	14
1278	14
1279	14
1280	14
1281	14
1282	14
1283	14
1284	14
1285	14
1286	14
1287	14
1288	14
1289	14
1290	14
1291	14
1292	14
1293	14
1294	14
1295	14
1296	14
1297	14
1298	13
1299	13
1300	13
1301	13
1302	13
1303	13
1304	13
1305	13
1306	16
1307	16
1308	16
1309	16
1310	16
1311	14
1312	14
1313	14
1314	14
1315	14
1316	14
1317	14
1318	14
1319	14
1320	14
1321	14
1322	14
1323	14
1324	14
1325	14
1326	14
1327	14
1328	14
1329	14
1330	14
1331	14
1332	14
1333	14
1334	14
1335	14
1336	13
1337	13
1338	13
1339	13
1340	13
1341	13
1342	13
1343	13
1344	16
1345	16
1346	16
1347	16
1348	16
1349	14
1350	14
1351	14
1352	14
1353	14
1354	14
1355	14
1356	14
1357	14
1358	14
1359	14
1360	14
1361	14
1362	14
1363	14
1364	14
1365	14
1366	14
1367	14
1368	14
1369	14
1370	14
1371	14
1372	14
1373	14
1374	13
1375	13
1376	13
1377	13
1378	13
1379	13
1380	13
1381	13
1382	16
1383	16
1384	16
1385	16
1386	14
1387	14
1388	14
1389	14
1390	14
1391	14
1392	14
1393	14
1394	14
1395	14
1396	14
1397	14
1398	14
1399	14
1400	14
1401	14
1402	14
1403	14
1404	14
1405	14
1406	14
1407	14
1408	14
1409	14
1410	13
1411	13
1412	13
1413	13
1414	13
1415	13
1416	13
1417	13
1418	16
1419	16
1420	16
1421	16
1422	16
1423	14
1424	14
1425	14
1426	14
1427	14
1428	14
1429	14
1430	14
1431	14
1432	14
1433	14
1434	14
1435	14
1436	14
1437	14
1438	14
1439	14
1440	14
1441	14
1442	14
1443	14
1444	14
1445	13
1446	13
1447	13
1448	13
1449	13
1450	13
1451	13
1452	13
1453	16
1454	16
1455	16
1456	16
1457	14
1458	14
1459	14
1460	14
1461	14
1462	14
1463	14
1464	14
1465	14
1466	14
1467	14
1468	14
1469	14
1470	14
1471	14
1472	14
1473	14
1474	14
1475	14
1476	14
1477	14
1478	14
1479	13
1480	13
1481	13
1482	13
1483	13
1484	13
1485	13
1486	13
1487	13
1488	13
1489	16
1490	16
1491	16
1492	16
1493	16
1494	14
1495	14
1496	14
1497	14
1498	14
1499	14
1500	14
1501	14
1502	14
1503	14
1504	14
1505	14
1506	14
1507	14
1508	14
1509	14
1510	14
1511	14
1512	14
1513	14
1514	14
1515	14
1516	14
1517	13
1518	13
1519	13
1520	13
1521	13
1522	13
1523	13
1524	13
1525	13
1526	13
1527	13
1528	16
1529	16
1530	16
1531	16
1532	14
1533	14
1534	14
1535	14
1536	14
1537	14
1538	14
1539	14
1540	14
1541	14
1542	14
1543	14
1544	14
1545	14
1546	14
1547	14
1548	14
1549	14
1550	14
1551	14
1552	14
1553	14
1554	14
1555	13
1556	13
1557	13
1558	13
1559	13
1560	13
1561	13
1562	13
1563	13
1564	13
1565	13
1566	13
1567	13
1568	13
1569	13
1570	16
1571	16
1572	16
1573	16
1574	14
1575	14
1576	14
1577	14
1578	14
1579	14
1580	14
1581	14
1582	14
1583	14
1584	14
1585	14
1586	14
1587	14
1588	14
1589	14
1590	14
1591	14
1592	14
1593	14
1594	14
1595	13
1596	13
1597	13
1598	13
1599	13
1600	13
1601	13
1602	13
1603	13
1604	13
1605	13
1606	13
1607	13
1608	13
1609	13
1610	13
1611	6
1612	6
1613	6
1614	16
1615	16
1616	16
1617	16
1618	16
1619	14
1620	14
1621	14
1622	14
1623	14
1624	14
1625	14
1626	14
1627	14
1628	14
1629	14
1630	14
1631	14
1632	14
1633	14
1634	14
1635	14
1636	13
1637	13
1638	13
1639	13
1640	13
1641	13
1642	13
1643	13
1644	13
1645	13
1646	13
1647	13
1648	13
1649	13
1650	13
1651	13
1652	13
1653	13
1654	13
1655	13
1656	13
1657	13
1658	13
1659	6
1660	6
1661	6
1662	16
1663	16
1664	16
1665	16
1666	16
1667	16
1668	16
1669	14
1670	14
1671	14
1672	14
1673	14
1674	14
1675	14
1676	14
1677	14
1678	14
1679	14
1680	14
1681	14
1682	14
1683	14
1684	13
1685	13
1686	13
1687	13
1688	13
1689	13
1690	13
1691	13
1692	13
1693	13
1694	13
1695	13
1696	13
1697	13
1698	13
1699	13
1700	13
1701	13
1702	13
1703	13
1704	13
1705	13
1706	13
1707	13
1708	13
1709	13
1710	13
1711	13
1712	13
1713	13
1714	13
1715	13
1716	6
1717	6
1718	6
1719	16
1720	16
1721	16
1722	16
1723	16
1724	14
1725	14
1726	14
1727	14
1728	14
1729	14
1730	14
1731	14
1732	14
1733	14
1734	14
1735	13
1736	13
1737	13
1738	13
1739	13
1740	13
1741	13
1742	13
1743	13
1744	13
1745	13
1746	13
1747	13
1748	13
1749	13
1750	13
1751	13
1752	13
1753	13
1754	13
1755	13
1756	13
1757	13
1758	13
1759	13
1760	13
1761	13
1762	13
1763	13
1764	13
1765	13
1766	13
1767	13
1768	13
1769	13
1770	13
1771	13
1772	13
1773	13
1774	6
1775	6
1776	6
1777	6
1778	6
1779	16
1780	16
1781	16
1782	16
1783	14
1784	14
1785	14
1786	14
1787	14
1788	14
1789	14
1790	14
1791	13
1792	13
1793	13
1794	13
1795	13
1796	13
1797	13
1798	13
1799	13
1800	13
1801	13
1802	13
1803	13
1804	13
1805	13
1806	13
1807	13
1808	13
1809	13
1810	13
1811	13
1812	13
1813	13
1814	13
1815	13
1816	13
1817	13
1818	13
1819	13
1820	13
1821	13
1822	13
1823	13
1824	13
1825	13
1826	13
1827	13
1828	13
1829	13
1830	13
1831	6
1832	6
1833	6
1834	6
1835	6
1836	6
1837	6
1838	6
1839	6
1840	6
1841	15
1842	15
1843	16
1844	16
1845	16
1846	16
1847	16
1848	16
1849	13
1850	13
1851	13
1852	13
1853	13
1854	13
1855	13
1856	13
1857	13
1858	13
1859	13
1860	13
1861	13
1862	13
1863	13
1864	13
1865	13
1866	13
1867	13
1868	13
1869	13
1870	13
1871	13
1872	13
1873	13
1874	13
1875	13
1876	13
1877	13
1878	13
1879	13
1880	13
1881	13
1882	13
1883	13
1884	13
1885	13
1886	13
1887	13
1888	13
1889	13
1890	6
1891	6
1892	6
1893	6
1894	6
1895	6
1896	6
1897	6
1898	6
1899	6
1900	6
1901	6
1902	15
1903	15
1904	15
1905	15
1906	15
1907	16
1908	16
1909	16
1910	16
1911	16
1912	16
1913	13
1914	13
1915	13
1916	13
1917	13
1918	13
1919	13
1920	13
1921	13
1922	13
1923	13
1924	13
1925	13
1926	13
1927	13
1928	13
1929	13
1930	13
1931	13
1932	13
1933	13
1934	13
1935	13
1936	13
1937	13
1938	13
1939	13
1940	13
1941	13
1942	13
1943	13
1944	13
1945	13
1946	13
1947	13
1948	13
1949	13
1950	13
1951	13
1952	13
1953	13
1954	13
1955	6
1956	6
1957	6
1958	6
1959	6
1960	6
1961	6
1962	6
1963	6
1964	6
1965	6
1966	6
1967	6
1968	6
1969	15
1970	15
1971	15
1972	15
1973	15
1974	15
1975	15
1976	15
1977	15
1978	15
1979	15
1980	16
1981	16
1982	16
1983	16
1984	16
1985	16
1986	13
1987	13
1988	13
1989	13
1990	13
1991	13
1992	13
1993	13
1994	13
1995	13
1996	13
1997	13
1998	13
1999	13
2000	13
2001	13
2002	13
2003	13
2004	13
2005	13
2006	13
2007	13
2008	13
2009	13
2010	13
2011	13
2012	13
2013	13
2014	13
2015	13
2016	13
2017	13
2018	13
2019	13
2020	13
2021	13
2022	13
2023	13
2024	13
2025	13
2026	13
2027	6
2028	6
2029	6
2030	6
2031	6
2032	6
2033	6
2034	6
2035	6
2036	6
2037	6
2038	6
2039	6
2040	6
2041	6
2042	15
2043	15
2044	15
2045	15
2046	15
2047	15
2048	15
2049	15
2050	15
2051	15
2052	15
2053	15
2054	15
2055	15
2056	15
2057	15
2058	15
2059	15
2060	15
2061	15
2062	16
2063	16
2064	16
2065	16
2066	16
2067	16
2068	16
2069	13
2070	13
2071	13
2072	13
2073	13
2074	13
2075	13
2076	13
2077	13
2078	13
2079	13
2080	13
2081	13
2082	13
2083	13
2084	13
2085	13
2086	13
2087	13
2088	13
2089	13
2090	13
2091	13
2092	13
2093	13
2094	13
2095	13
2096	13
2097	13
2098	13
2099	13
2100	13
2101	13
2102	13
2103	13
2104	13
2105	13
2106	13
2107	13
2108	13
2109	6
2110	6
2111	6
2112	6
2113	6
2114	6
2115	6
2116	6
2117	6
2118	6
2119	6
2120	6
2121	6
2122	6
2123	6
2124	6
2125	6
2126	15
2127	15
2128	15
2129	15
2130	15
2131	15
2132	15
2133	15
2134	15
2135	15
2136	15
2137	15
2138	15
2139	15
2140	15
2141	15
2142	15
2143	15
2144	15
2145	15
2146	15
2147	15
2148	15
2149	16
2150	16
2151	16
2152	16
2153	16
2154	16
2155	16
2156	16
2157	13
2158	13
2159	13
2160	13
2161	13
2162	13
2163	13
2164	13
2165	13
2166	13
2167	13
2168	13
2169	13
2170	13
2171	13
2172	13
2173	13
2174	13
2175	13
2176	13
2177	13
2178	13
2179	13
2180	13
2181	13
2182	13
2183	13
2184	13
2185	13
2186	13
2187	13
2188	13
2189	13
2190	13
2191	13
2192	13
2193	13
2194	13
2195	6
2196	6
2197	6
2198	6
2199	6
2200	6
2201	6
2202	6
2203	6
2204	6
2205	6
2206	6
2207	6
2208	6
2209	6
2210	6
2211	6
2212	6
2213	6
2214	6
2215	6
2216	15
2217	15
2218	15
2219	15
2220	15
2221	15
2222	15
2223	15
2224	15
2225	15
2226	15
2227	15
2228	15
2229	15
2230	15
2231	15
2232	15
2233	15
2234	15
2235	15
2236	15
2237	15
2238	15
2239	15
2240	15
2241	15
2242	16
2243	16
2244	16
2245	16
2246	16
2247	16
2248	16
2249	16
2250	16
2251	13
2252	13
2253	13
2254	13
2255	13
2256	13
2257	13
2258	13
2259	13
2260	13
2261	13
2262	13
2263	13
2264	13
2265	13
2266	13
2267	13
2268	13
2269	13
2270	13
2271	13
2272	13
2273	13
2274	13
2275	13
2276	13
2277	13
2278	13
2279	13
2280	13
2281	13
2282	13
2283	13
2284	13
2285	13
2286	13
2287	6
2288	6
2289	6
2290	6
2291	6
2292	6
2293	6
2294	6
2295	6
2296	6
2297	6
2298	6
2299	6
2300	6
2301	6
2302	6
2303	6
2304	6
2305	6
2306	6
2307	6
2308	15
2309	15
2310	15
2311	15
2312	15
2313	15
2314	15
2315	15
2316	15
2317	15
2318	15
2319	15
2320	15
2321	15
2322	15
2323	15
2324	15
2325	15
2326	15
2327	15
2328	15
2329	15
2330	15
2331	15
2332	15
2333	15
2334	15
2335	16
2336	16
2337	16
2338	16
2339	16
2340	16
2341	16
2342	16
2343	13
2344	13
2345	13
2346	13
2347	13
2348	13
2349	13
2350	13
2351	13
2352	13
2353	13
2354	13
2355	13
2356	13
2357	13
2358	13
2359	13
2360	13
2361	13
2362	13
2363	13
2364	13
2365	13
2366	13
2367	13
2368	13
2369	13
2370	13
2371	13
2372	13
2373	13
2374	13
2375	13
2376	13
2377	13
2378	6
2379	6
2380	6
2381	6
2382	6
2383	6
2384	6
2385	6
2386	6
2387	6
2388	6
2389	6
2390	6
2391	6
2392	6
2393	6
2394	6
2395	6
2396	6
2397	6
2398	6
2399	15
2400	15
2401	15
2402	15
2403	15
2404	15
2405	15
2406	15
2407	15
2408	15
2409	15
2410	15
2411	15
2412	15
2413	15
2414	15
2415	15
2416	15
2417	15
2418	15
2419	15
2420	15
2421	15
2422	15
2423	15
2424	15
2425	15
2426	15
2427	16
2428	16
2429	13
2430	13
2431	13
2432	13
2433	13
2434	13
2435	13
2436	13
2437	13
2438	13
2439	13
2440	13
2441	13
2442	13
2443	13
2444	13
2445	13
2446	13
2447	13
2448	13
2449	13
2450	13
2451	13
2452	13
2453	13
2454	13
2455	13
2456	13
2457	13
2458	13
2459	13
2460	13
2461	13
2462	6
2463	6
2464	6
2465	6
2466	6
2467	6
2468	6
2469	6
2470	6
2471	6
2472	6
2473	6
2474	6
2475	6
2476	6
2477	6
2478	6
2479	6
2480	6
2481	6
2482	6
2483	6
2484	15
2485	15
2486	15
2487	15
2488	15
2489	15
2490	15
2491	15
2492	15
2493	15
2494	15
2495	15
2496	15
2497	15
2498	15
2499	15
2500	15
2501	15
2502	15
2503	15
2504	15
2505	15
2506	15
2507	15
2508	15
2509	15
2510	15
2511	15
2512	15
2513	15
2514	15
2515	15
2516	13
2517	13
2518	13
2519	13
2520	13
2521	13
2522	13
2523	13
2524	13
2525	13
2526	13
2527	13
2528	13
2529	13
2530	13
2531	13
2532	13
2533	13
2534	13
2535	13
2536	13
2537	13
2538	13
2539	13
2540	13
2541	13
2542	13
2543	13
2544	13
2545	13
2546	13
2547	13
2548	13
2549	6
2550	6
2551	6
2552	6
2553	6
2554	6
2555	6
2556	6
2557	6
2558	6
2559	6
2560	6
2561	6
2562	6
2563	6
2564	6
2565	6
2566	6
2567	6
2568	6
2569	6
2570	6
2571	15
2572	15
2573	15
2574	15
2575	15
2576	15
2577	15
2578	15
2579	15
2580	15
2581	15
2582	15
2583	15
2584	15
2585	15
2586	15
2587	15
2588	15
2589	15
2590	15
2591	15
2592	15
2593	15
2594	15
2595	15
2596	15
2597	15
2598	15
2599	15
2600	15
2601	15
2602	15
2603	15
2604	13
2605	13
2606	13
2607	13
2608	13
2609	13
2610	13
2611	13
2612	13
2613	13
2614	13
2615	13
2616	13
2617	13
2618	13
2619	13
2620	13
2621	13
2622	13
2623	13
2624	13
2625	13
2626	13
2627	13
2628	13
2629	13
2630	13
2631	13
2632	13
2633	13
2634	13
2635	13
2636	6
2637	6
2638	6
2639	6
2640	6
2641	6
2642	6
2643	6
2644	6
2645	6
2646	6
2647	6
2648	6
2649	6
2650	6
2651	6
2652	6
2653	6
2654	6
2655	6
2656	6
2657	6
2658	15
2659	15
2660	15
2661	15
2662	15
2663	15
2664	15
2665	15
2666	15
2667	15
2668	15
2669	15
2670	15
2671	15
2672	15
2673	15
2674	15
2675	15
2676	15
2677	15
2678	15
2679	15
2680	15
2681	15
2682	15
2683	15
2684	15
2685	15
2686	15
2687	15
2688	15
2689	15
2690	15
2691	13
2692	13
2693	13
2694	13
2695	13
2696	13
2697	13
2698	13
2699	13
2700	13
2701	13
2702	13
2703	13
2704	13
2705	13
2706	13
2707	13
2708	13
2709	13
2710	13
2711	13
2712	13
2713	13
2714	13
2715	13
2716	13
2717	13
2718	13
2719	13
2720	13
2721	6
2722	6
2723	6
2724	6
2725	6
2726	6
2727	6
2728	6
2729	6
2730	6
2731	6
2732	6
2733	6
2734	6
2735	6
2736	6
2737	6
2738	6
2739	6
2740	6
2741	6
2742	15
2743	15
2744	15
2745	15
2746	15
2747	15
2748	15
2749	15
2750	15
2751	15
2752	15
2753	15
2754	15
2755	15
2756	15
2757	15
2758	15
2759	15
2760	15
2761	15
2762	15
2763	15
2764	15
2765	15
2766	15
2767	15
2768	15
2769	15
2770	15
2771	15
2772	15
2773	13
2774	13
2775	13
2776	13
2777	13
2778	13
2779	13
2780	13
2781	13
2782	13
2783	13
2784	13
2785	13
2786	13
2787	13
2788	13
2789	13
2790	13
2791	13
2792	13
2793	13
2794	13
2795	13
2796	13
2797	13
2798	13
2799	13
2800	13
2801	13
2802	6
2803	6
2804	6
2805	6
2806	6
2807	6
2808	6
2809	6
2810	6
2811	6
2812	6
2813	6
2814	6
2815	6
2816	6
2817	6
2818	6
2819	6
2820	6
2821	6
2822	6
2823	6
2824	15
2825	15
2826	15
2827	15
2828	15
2829	15
2830	15
2831	15
2832	15
2833	15
2834	15
2835	15
2836	15
2837	15
2838	15
2839	15
2840	15
2841	15
2842	15
2843	15
2844	15
2845	15
2846	15
2847	15
2848	15
2849	15
2850	15
2851	15
2852	15
2853	15
2854	13
2855	13
2856	13
2857	13
2858	13
2859	13
2860	13
2861	13
2862	13
2863	13
2864	13
2865	13
2866	13
2867	13
2868	13
2869	13
2870	13
2871	13
2872	13
2873	13
2874	13
2875	13
2876	13
2877	13
2878	13
2879	13
2880	13
2881	13
2882	6
2883	6
2884	6
2885	6
2886	6
2887	6
2888	6
2889	6
2890	6
2891	6
2892	6
2893	6
2894	6
2895	6
2896	6
2897	6
2898	6
2899	6
2900	6
2901	6
2902	6
2903	6
2904	6
2905	15
2906	15
2907	15
2908	15
2909	15
2910	15
2911	15
2912	15
2913	15
2914	15
2915	15
2916	15
2917	15
2918	15
2919	15
2920	15
2921	15
2922	15
2923	15
2924	15
2925	15
2926	15
2927	15
2928	15
2929	15
2930	15
2931	15
2932	15
2933	13
2934	13
2935	13
2936	13
2937	13
2938	13
2939	13
2940	13
2941	13
2942	13
2943	13
2944	13
2945	13
2946	13
2947	13
2948	13
2949	13
2950	13
2951	13
2952	13
2953	13
2954	13
2955	13
2956	13
2957	13
2958	13
2959	13
2960	6
2961	6
2962	6
2963	6
2964	6
2965	6
2966	6
2967	6
2968	6
2969	6
2970	6
2971	6
2972	6
2973	6
2974	6
2975	6
2976	6
2977	6
2978	6
2979	6
2980	6
2981	6
2982	6
2983	15
2984	15
2985	15
2986	15
2987	15
2988	15
2989	15
2990	15
2991	15
2992	15
2993	15
2994	15
2995	15
2996	15
2997	15
2998	15
2999	15
3000	15
3001	15
3002	15
3003	15
3004	15
3005	15
3006	15
3007	15
3008	15
3009	15
3010	16
3011	13
3012	13
3013	13
3014	13
3015	13
3016	13
3017	13
3018	13
3019	13
3020	13
3021	13
3022	13
3023	13
3024	13
3025	13
3026	13
3027	13
3028	13
3029	13
3030	13
3031	6
3032	6
3033	6
3034	6
3035	6
3036	6
3037	6
3038	6
3039	6
3040	6
3041	6
3042	6
3043	6
3044	6
3045	6
3046	6
3047	6
3048	6
3049	6
3050	6
3051	6
3052	6
3053	6
3054	6
3055	15
3056	15
3057	15
3058	15
3059	15
3060	15
3061	15
3062	15
3063	15
3064	15
3065	15
3066	15
3067	15
3068	15
3069	15
3070	15
3071	15
3072	15
3073	15
3074	15
3075	15
3076	15
3077	15
3078	15
3079	15
3080	15
3081	15
3082	16
3083	13
3084	13
3085	13
3086	13
3087	13
3088	13
3089	13
3090	13
3091	13
3092	13
3093	13
3094	13
3095	13
3096	6
3097	6
3098	6
3099	6
3100	6
3101	6
3102	6
3103	6
3104	6
3105	6
3106	6
3107	6
3108	6
3109	6
3110	6
3111	6
3112	6
3113	6
3114	6
3115	6
3116	6
3117	6
3118	6
3119	15
3120	15
3121	15
3122	15
3123	15
3124	15
3125	15
3126	15
3127	15
3128	15
3129	15
3130	15
3131	15
3132	15
3133	15
3134	15
3135	15
3136	15
3137	15
3138	15
3139	15
3140	15
3141	15
3142	15
3143	15
3144	15
3145	15
3146	6
3147	6
3148	6
3149	6
3150	6
3151	6
3152	6
3153	6
3154	6
3155	6
3156	6
3157	6
3158	6
3159	6
3160	6
3161	6
3162	6
3163	6
3164	6
3165	6
3166	6
3167	6
3168	15
3169	15
3170	15
3171	15
3172	15
3173	15
3174	15
3175	15
3176	15
3177	15
3178	15
3179	15
3180	15
3181	15
3182	15
3183	15
3184	15
3185	15
3186	15
3187	15
3188	15
3189	15
3190	15
3191	15
3192	15
3193	15
3194	15
3195	6
3196	6
3197	6
3198	6
3199	6
3200	6
3201	6
3202	6
3203	6
3204	6
3205	6
3206	6
3207	6
3208	6
3209	6
3210	6
3211	6
3212	6
3213	6
3214	6
3215	6
3216	6
3217	15
3218	15
3219	15
3220	15
3221	15
3222	15
3223	15
3224	15
3225	15
3226	15
3227	15
3228	15
3229	15
3230	15
3231	15
3232	15
3233	15
3234	15
3235	15
3236	15
3237	15
3238	6
3239	6
3240	6
3241	6
3242	6
3243	6
3244	6
3245	6
3246	6
3247	6
3248	6
3249	6
3250	6
3251	6
3252	6
3253	6
3254	6
3255	6
3256	6
3257	6
3258	6
3259	15
3260	15
3261	15
3262	15
3263	15
3264	15
3265	15
3266	15
3267	15
3268	15
3269	15
3270	15
3271	15
3272	15
3273	15
3274	15
3275	6
3276	6
3277	6
3278	6
3279	6
3280	6
3281	6
3282	6
3283	6
3284	6
3285	6
3286	6
3287	6
3288	6
3289	6
3290	6
3291	6
3292	6
3293	6
3294	6
3295	6
3296	15
3297	15
3298	15
3299	15
3300	15
3301	15
3302	15
3303	15
3304	15
3305	15
3306	15
3307	15
3308	15
3309	15
3310	15
3311	13
3312	13
3313	6
3314	6
3315	6
3316	6
3317	6
3318	6
3319	6
3320	6
3321	6
3322	6
3323	6
3324	6
3325	6
3326	6
3327	6
3328	6
3329	6
3330	6
3331	6
3332	6
3333	6
3334	15
3335	15
3336	15
3337	15
3338	15
3339	15
3340	15
3341	15
3342	15
3343	15
3344	15
3345	15
3346	15
3347	15
3348	13
3349	13
3350	6
3351	6
3352	6
3353	6
3354	6
3355	6
3356	6
3357	6
3358	6
3359	6
3360	6
3361	6
3362	6
3363	6
3364	6
3365	6
3366	6
3367	6
3368	6
3369	6
3370	6
3371	15
3372	15
3373	15
3374	15
3375	15
3376	15
3377	15
3378	15
3379	15
3380	15
3381	16
3382	16
3383	6
3384	6
3385	6
3386	6
3387	6
3388	6
3389	6
3390	6
3391	6
3392	6
3393	6
3394	6
3395	6
3396	6
3397	6
3398	6
3399	6
3400	6
3401	6
3402	6
3403	6
3404	6
3405	15
3406	15
3407	15
3408	15
3409	16
3410	6
3411	6
3412	6
3413	6
3414	6
3415	6
3416	6
3417	6
3418	6
3419	6
3420	6
3421	6
3422	6
3423	6
3424	6
3425	6
3426	6
3427	6
3428	6
3429	6
3430	6
3431	6
3432	6
3433	6
3434	6
3435	6
3436	6
3437	6
3438	6
3439	6
3440	6
3441	6
3442	6
3443	6
3444	6
3445	6
3446	6
3447	6
3448	6
3449	6
3450	6
3451	6
3452	6
3453	6
3454	6
3455	6
3456	6
3457	6
3458	6
3459	6
3460	6
3461	6
3462	6
3463	6
3464	6
3465	6
3466	6
3467	6
3468	6
3469	6
3470	6
3471	6
3472	6
3473	6
3474	6
3475	6
3476	6
3477	6
3478	6
3479	6
3480	6
3481	6
3482	6
3483	6
3484	6
3485	6
3486	6
3487	6
3488	6
3489	6
3490	6
3491	6
3492	6
3493	6
3494	6
3495	6
3496	6
3497	6
3498	2
3499	2
3500	2
3501	2
3502	2
3503	4
3504	4
3505	6
3506	6
3507	6
3508	6
3509	6
3510	6
3511	6
3512	6
3513	6
3514	6
3515	6
3516	6
3517	6
3518	6
3519	6
3520	6
3521	6
3522	6
3523	6
3524	6
3525	6
3526	6
3527	2
3528	2
3529	2
3530	2
3531	2
3532	2
3533	2
3534	2
3535	4
3536	4
3537	4
3538	4
3539	6
3540	6
3541	6
3542	6
3543	6
3544	6
3545	6
3546	6
3547	6
3548	6
3549	6
3550	6
3551	6
3552	6
3553	6
3554	6
3555	6
3556	6
3557	6
3558	6
3559	6
3560	6
3561	2
3562	2
3563	2
3564	2
3565	2
3566	2
3567	2
3568	2
3569	2
3570	2
3571	2
3572	2
3573	2
3574	2
3575	16
3576	16
3577	16
3578	4
3579	4
3580	4
3581	4
3582	4
3583	4
3584	4
3585	6
3586	6
3587	6
3588	6
3589	6
3590	6
3591	6
3592	6
3593	6
3594	6
3595	6
3596	6
3597	6
3598	6
3599	6
3600	6
3601	6
3602	6
3603	6
3604	6
3605	6
3606	6
3607	2
3608	2
3609	2
3610	2
3611	2
3612	2
3613	2
3614	2
3615	2
3616	2
3617	2
3618	2
3619	2
3620	2
3621	2
3622	2
3623	16
3624	16
3625	16
3626	4
3627	4
3628	4
3629	4
3630	4
3631	4
3632	4
3633	6
3634	6
3635	6
3636	6
3637	6
3638	6
3639	6
3640	6
3641	6
3642	6
3643	6
3644	6
3645	6
3646	6
3647	6
3648	6
3649	6
3650	6
3651	6
3652	6
3653	6
3654	2
3655	2
3656	2
3657	2
3658	2
3659	2
3660	2
3661	2
3662	2
3663	2
3664	2
3665	2
3666	2
3667	2
3668	2
3669	2
3670	2
3671	16
3672	16
3673	16
3674	16
3675	6
3676	6
3677	6
3678	6
3679	6
3680	6
3681	6
3682	6
3683	6
3684	6
3685	6
3686	6
3687	6
3688	6
3689	6
3690	6
3691	6
3692	6
3693	6
3694	2
3695	2
3696	2
3697	2
3698	2
3699	2
3700	2
3701	2
3702	2
3703	2
3704	2
3705	2
3706	2
3707	2
3708	2
3709	2
3710	2
3711	2
3712	16
3713	16
3714	16
3715	16
3716	6
3717	6
3718	6
3719	6
3720	6
3721	6
3722	6
3723	6
3724	6
3725	6
3726	6
3727	6
3728	6
3729	6
3730	6
3731	6
3732	6
3733	6
3734	6
3735	2
3736	2
3737	2
3738	2
3739	2
3740	2
3741	2
3742	2
3743	2
3744	2
3745	2
3746	2
3747	2
3748	2
3749	2
3750	2
3751	2
3752	2
3753	2
3754	16
3755	16
3756	6
3757	6
3758	6
3759	6
3760	6
3761	6
3762	6
3763	6
3764	6
3765	6
3766	6
3767	6
3768	6
3769	6
3770	6
3771	6
3772	6
3773	2
3774	2
3775	2
3776	2
3777	2
3778	2
3779	2
3780	2
3781	2
3782	2
3783	2
3784	2
3785	2
3786	2
3787	2
3788	2
3789	2
3790	2
3791	2
3792	6
3793	6
3794	6
3795	6
3796	6
3797	6
3798	6
3799	6
3800	6
3801	6
3802	6
3803	6
3804	6
3805	6
3806	6
3807	6
3808	2
3809	2
3810	2
3811	2
3812	2
3813	2
3814	2
3815	2
3816	2
3817	2
3818	2
3819	2
3820	2
3821	2
3822	2
3823	2
3824	2
3825	2
3826	2
3827	2
3828	6
3829	6
3830	6
3831	6
3832	6
3833	6
3834	6
3835	6
3836	6
3837	6
3838	6
3839	6
3840	6
3841	6
3842	6
3843	2
3844	2
3845	2
3846	2
3847	2
3848	2
3849	2
3850	2
3851	2
3852	2
3853	2
3854	2
3855	2
3856	2
3857	2
3858	2
3859	2
3860	2
3861	2
3862	2
3863	6
3864	6
3865	6
3866	6
3867	6
3868	6
3869	6
3870	6
3871	6
3872	6
3873	6
3874	6
3875	6
3876	6
3877	2
3878	2
3879	2
3880	2
3881	2
3882	2
3883	2
3884	2
3885	2
3886	2
3887	2
3888	2
3889	2
3890	2
3891	2
3892	2
3893	2
3894	2
3895	2
3896	2
3897	6
3898	6
3899	6
3900	6
3901	6
3902	6
3903	6
3904	6
3905	6
3906	6
3907	6
3908	6
3909	6
3910	2
3911	2
3912	2
3913	2
3914	2
3915	2
3916	2
3917	2
3918	2
3919	2
3920	2
3921	2
3922	2
3923	2
3924	2
3925	2
3926	2
3927	2
3928	2
3929	2
3930	6
3931	6
3932	6
3933	6
3934	6
3935	6
3936	6
3937	6
3938	6
3939	6
3940	2
3941	2
3942	2
3943	2
3944	2
3945	2
3946	2
3947	2
3948	2
3949	2
3950	2
3951	2
3952	2
3953	2
3954	2
3955	2
3956	2
3957	2
3958	2
3959	2
3960	12
3961	12
3962	6
3963	6
3964	6
3965	6
3966	6
3967	2
3968	2
3969	2
3970	2
3971	2
3972	2
3973	2
3974	2
3975	2
3976	2
3977	2
3978	2
3979	2
3980	2
3981	2
3982	2
3983	2
3984	2
3985	12
3986	12
3987	12
3988	12
3989	2
3990	2
3991	2
3992	2
3993	2
3994	2
3995	2
3996	2
3997	2
3998	2
3999	2
4000	2
4001	2
4002	2
4003	2
4004	2
4005	12
4006	12
4007	12
4008	12
4009	12
4010	2
4011	2
4012	2
4013	2
4014	2
4015	2
4016	2
4017	2
4018	2
4019	2
4020	2
4021	2
4022	12
4023	12
4024	12
4025	12
4026	12
4027	12
4028	2
4029	2
4030	2
4031	2
4032	2
4033	2
4034	12
4035	12
4036	12
4037	12
4038	12
4039	12
4040	12
4041	12
4042	12
4043	12
4044	4
4045	4
4046	4
4047	4
4048	4
4049	4
4050	12
4051	12
4052	12
4053	12
4054	12
4055	12
4056	12
4057	12
4058	12
4059	12
4060	4
4061	4
4062	4
4063	4
4064	4
4065	4
4066	4
4067	4
4068	4
4069	4
4070	4
4071	4
4072	4
4073	12
4074	12
4075	12
4076	12
4077	12
4078	12
4079	8
4080	8
4081	8
4082	8
4083	8
4084	12
4085	12
4086	12
4087	12
4088	12
4089	12
4090	12
4091	12
4092	12
4093	12
4094	12
4095	4
4096	4
4097	4
4098	4
4099	4
4100	4
4101	4
4102	4
4103	4
4104	4
4105	4
4106	4
4107	4
4108	4
4109	4
4110	4
4111	4
4112	4
4113	6
4114	12
4115	12
4116	12
4117	12
4118	12
4119	12
4120	12
4121	12
4122	12
4123	12
4124	12
4125	12
4126	8
4127	8
4128	8
4129	8
4130	8
4131	8
4132	8
4133	8
4134	8
4135	8
4136	12
4137	12
4138	12
4139	12
4140	12
4141	12
4142	12
4143	12
4144	12
4145	12
4146	4
4147	4
4148	4
4149	4
4150	4
4151	4
4152	4
4153	4
4154	4
4155	4
4156	4
4157	4
4158	4
4159	4
4160	4
4161	4
4162	4
4163	4
4164	4
4165	4
4166	4
4167	6
4168	6
4169	6
4170	6
4171	12
4172	12
4173	12
4174	12
4175	12
4176	12
4177	12
4178	12
4179	12
4180	12
4181	12
4182	12
4183	12
4184	12
4185	12
4186	12
4187	12
4188	12
4189	8
4190	8
4191	8
4192	8
4193	8
4194	8
4195	8
4196	8
4197	8
4198	8
4199	8
4200	8
4201	12
4202	12
4203	12
4204	12
4205	12
4206	12
4207	12
4208	4
4209	4
4210	4
4211	4
4212	4
4213	4
4214	4
4215	4
4216	4
4217	4
4218	4
4219	4
4220	4
4221	4
4222	4
4223	4
4224	4
4225	4
4226	4
4227	4
4228	4
4229	4
4230	4
4231	6
4232	6
4233	6
4234	6
4235	6
4236	6
4237	12
4238	12
4239	12
4240	12
4241	12
4242	12
4243	12
4244	12
4245	12
4246	12
4247	12
4248	12
4249	12
4250	12
4251	12
4252	12
4253	12
4254	12
4255	12
4256	12
4257	12
4258	12
4259	8
4260	8
4261	8
4262	8
4263	8
4264	8
4265	8
4266	8
4267	8
4268	8
4269	8
4270	8
4271	8
4272	8
4273	12
4274	12
4275	12
4276	12
4277	12
4278	4
4279	4
4280	4
4281	4
4282	4
4283	4
4284	4
4285	4
4286	4
4287	4
4288	4
4289	4
4290	4
4291	4
4292	4
4293	4
4294	4
4295	4
4296	4
4297	4
4298	4
4299	4
4300	4
4301	4
4302	4
4303	4
4304	6
4305	6
4306	6
4307	6
4308	6
4309	6
4310	12
4311	12
4312	12
4313	12
4314	12
4315	12
4316	12
4317	12
4318	12
4319	12
4320	12
4321	12
4322	12
4323	12
4324	12
4325	12
4326	12
4327	12
4328	12
4329	12
4330	8
4331	8
4332	8
4333	8
4334	8
4335	8
4336	8
4337	8
4338	8
4339	8
4340	8
4341	8
4342	8
4343	8
4344	8
4345	8
4346	8
4347	8
4348	8
4349	8
4350	12
4351	12
4352	12
4353	12
4354	4
4355	4
4356	4
4357	4
4358	4
4359	4
4360	4
4361	4
4362	4
4363	4
4364	4
4365	4
4366	4
4367	4
4368	4
4369	4
4370	4
4371	4
4372	4
4373	4
4374	4
4375	4
4376	4
4377	4
4378	4
4379	4
4380	4
4381	6
4382	6
4383	6
4384	6
4385	6
4386	12
4387	12
4388	12
4389	12
4390	12
4391	12
4392	12
4393	12
4394	12
4395	12
4396	12
4397	12
4398	12
4399	12
4400	12
4401	12
4402	12
4403	12
4404	12
4405	12
4406	12
4407	12
4408	12
4409	12
4410	8
4411	8
4412	8
4413	8
4414	8
4415	8
4416	8
4417	8
4418	8
4419	8
4420	8
4421	8
4422	8
4423	8
4424	8
4425	8
4426	8
4427	8
4428	8
4429	8
4430	8
4431	8
4432	8
4433	8
4434	12
4435	12
4436	12
4437	4
4438	4
4439	4
4440	4
4441	4
4442	4
4443	4
4444	4
4445	4
4446	4
4447	4
4448	4
4449	4
4450	4
4451	4
4452	4
4453	4
4454	4
4455	4
4456	4
4457	4
4458	4
4459	4
4460	4
4461	4
4462	4
4463	4
4464	4
4465	6
4466	6
4467	6
4468	6
4469	12
4470	12
4471	12
4472	12
4473	12
4474	12
4475	12
4476	12
4477	12
4478	12
4479	12
4480	12
4481	12
4482	12
4483	12
4484	12
4485	12
4486	12
4487	12
4488	12
4489	12
4490	12
4491	12
4492	12
4493	12
4494	8
4495	8
4496	8
4497	8
4498	8
4499	8
4500	8
4501	8
4502	8
4503	8
4504	8
4505	8
4506	8
4507	8
4508	8
4509	8
4510	8
4511	8
4512	8
4513	8
4514	8
4515	8
4516	8
4517	8
4518	8
4519	8
4520	8
4521	12
4522	12
4523	12
4524	4
4525	4
4526	4
4527	4
4528	4
4529	4
4530	4
4531	4
4532	4
4533	4
4534	4
4535	4
4536	4
4537	4
4538	4
4539	4
4540	4
4541	4
4542	4
4543	4
4544	4
4545	4
4546	4
4547	4
4548	4
4549	4
4550	4
4551	4
4552	12
4553	12
4554	12
4555	12
4556	12
4557	12
4558	12
4559	12
4560	12
4561	12
4562	12
4563	12
4564	12
4565	12
4566	12
4567	12
4568	12
4569	12
4570	12
4571	12
4572	12
4573	12
4574	12
4575	12
4576	8
4577	8
4578	8
4579	8
4580	8
4581	8
4582	8
4583	8
4584	8
4585	8
4586	8
4587	8
4588	8
4589	8
4590	8
4591	8
4592	8
4593	8
4594	8
4595	8
4596	8
4597	8
4598	8
4599	8
4600	8
4601	8
4602	8
4603	8
4604	8
4605	8
4606	12
4607	12
4608	12
4609	4
4610	4
4611	4
4612	4
4613	4
4614	4
4615	4
4616	4
4617	4
4618	4
4619	4
4620	4
4621	4
4622	4
4623	4
4624	4
4625	4
4626	4
4627	4
4628	4
4629	4
4630	4
4631	4
4632	4
4633	4
4634	4
4635	12
4636	12
4637	12
4638	12
4639	12
4640	12
4641	12
4642	12
4643	12
4644	12
4645	12
4646	12
4647	12
4648	12
4649	12
4650	12
4651	12
4652	12
4653	12
4654	12
4655	12
4656	12
4657	12
4658	12
4659	12
4660	12
4661	8
4662	8
4663	8
4664	8
4665	8
4666	8
4667	8
4668	8
4669	8
4670	8
4671	8
4672	8
4673	8
4674	8
4675	8
4676	8
4677	8
4678	8
4679	8
4680	8
4681	8
4682	8
4683	8
4684	8
4685	8
4686	8
4687	8
4688	8
4689	8
4690	8
4691	8
4692	12
4693	12
4694	4
4695	4
4696	4
4697	4
4698	4
4699	4
4700	4
4701	4
4702	4
4703	4
4704	4
4705	4
4706	4
4707	4
4708	4
4709	4
4710	4
4711	4
4712	4
4713	4
4714	4
4715	4
4716	4
4717	12
4718	12
4719	12
4720	12
4721	12
4722	12
4723	12
4724	12
4725	12
4726	12
4727	12
4728	12
4729	12
4730	12
4731	12
4732	12
4733	12
4734	12
4735	12
4736	12
4737	12
4738	12
4739	12
4740	12
4741	12
4742	12
4743	12
4744	8
4745	8
4746	8
4747	8
4748	8
4749	8
4750	8
4751	8
4752	8
4753	8
4754	8
4755	8
4756	8
4757	8
4758	8
4759	8
4760	8
4761	8
4762	8
4763	8
4764	8
4765	8
4766	8
4767	8
4768	8
4769	8
4770	8
4771	8
4772	8
4773	8
4774	8
4775	8
4776	8
4777	12
4778	4
4779	4
4780	4
4781	4
4782	4
4783	4
4784	4
4785	4
4786	4
4787	4
4788	4
4789	4
4790	4
4791	4
4792	4
4793	4
4794	4
4795	4
4796	4
4797	4
4798	12
4799	12
4800	12
4801	12
4802	12
4803	12
4804	12
4805	12
4806	12
4807	12
4808	12
4809	12
4810	12
4811	12
4812	12
4813	12
4814	12
4815	12
4816	12
4817	12
4818	12
4819	12
4820	12
4821	12
4822	12
4823	12
4824	12
4825	12
4826	8
4827	8
4828	8
4829	8
4830	8
4831	8
4832	8
4833	8
4834	8
4835	8
4836	8
4837	8
4838	8
4839	8
4840	8
4841	8
4842	8
4843	8
4844	8
4845	8
4846	8
4847	8
4848	8
4849	8
4850	8
4851	8
4852	8
4853	8
4854	8
4855	8
4856	8
4857	8
4858	12
4859	12
4860	4
4861	4
4862	4
4863	4
4864	4
4865	4
4866	4
4867	4
4868	4
4869	4
4870	4
4871	4
4872	4
4873	4
4874	4
4875	4
4876	4
4877	4
4878	4
4879	1
4880	1
4881	1
4882	1
4883	1
4884	1
4885	1
4886	1
4887	1
4888	1
4889	12
4890	12
4891	12
4892	12
4893	12
4894	12
4895	12
4896	12
4897	12
4898	12
4899	12
4900	12
4901	12
4902	12
4903	12
4904	12
4905	12
4906	12
4907	12
4908	12
4909	12
4910	12
4911	12
4912	12
4913	12
4914	12
4915	12
4916	12
4917	12
4918	8
4919	8
4920	8
4921	8
4922	8
4923	8
4924	8
4925	8
4926	8
4927	8
4928	8
4929	8
4930	8
4931	8
4932	8
4933	8
4934	8
4935	8
4936	8
4937	8
4938	8
4939	8
4940	8
4941	8
4942	8
4943	8
4944	8
4945	8
4946	8
4947	8
4948	8
4949	12
4950	12
4951	4
4952	4
4953	4
4954	4
4955	4
4956	4
4957	4
4958	4
4959	4
4960	4
4961	4
4962	4
4963	4
4964	4
4965	4
4966	4
4967	4
4968	1
4969	1
4970	1
4971	1
4972	1
4973	1
4974	1
4975	1
4976	1
4977	1
4978	1
4979	1
4980	1
4981	1
4982	12
4983	12
4984	12
4985	12
4986	12
4987	12
4988	12
4989	12
4990	12
4991	12
4992	12
4993	12
4994	12
4995	12
4996	12
4997	12
4998	12
4999	12
5000	12
5001	12
5002	12
5003	12
5004	12
5005	12
5006	12
5007	12
5008	12
5009	12
5010	8
5011	8
5012	8
5013	8
5014	8
5015	8
5016	8
5017	8
5018	8
5019	8
5020	8
5021	8
5022	8
5023	8
5024	8
5025	8
5026	8
5027	8
5028	8
5029	8
5030	8
5031	8
5032	8
5033	8
5034	8
5035	8
5036	8
5037	8
5038	8
5039	12
5040	12
5041	12
5042	4
5043	4
5044	4
5045	4
5046	4
5047	4
5048	4
5049	4
5050	4
5051	4
5052	4
5053	4
5054	4
5055	4
5056	4
5057	17
5058	17
5059	1
5060	1
5061	1
5062	1
5063	1
5064	1
5065	1
5066	1
5067	1
5068	1
5069	1
5070	1
5071	1
5072	1
5073	1
5074	12
5075	12
5076	12
5077	12
5078	12
5079	12
5080	12
5081	12
5082	12
5083	12
5084	12
5085	12
5086	12
5087	12
5088	12
5089	12
5090	12
5091	12
5092	12
5093	12
5094	12
5095	12
5096	12
5097	12
5098	12
5099	12
5100	8
5101	8
5102	8
5103	8
5104	8
5105	8
5106	8
5107	8
5108	8
5109	8
5110	8
5111	8
5112	8
5113	8
5114	8
5115	8
5116	8
5117	8
5118	8
5119	8
5120	8
5121	8
5122	8
5123	8
5124	12
5125	12
5126	12
5127	12
5128	4
5129	4
5130	4
5131	4
5132	1
5133	1
5134	1
5135	1
5136	1
5137	1
5138	1
5139	1
5140	1
5141	1
5142	1
5143	1
5144	1
5145	1
5146	1
5147	1
5148	12
5149	12
5150	12
5151	12
5152	12
5153	12
5154	12
5155	12
5156	12
5157	12
5158	12
5159	12
5160	12
5161	12
5162	12
5163	12
5164	12
5165	12
5166	12
5167	12
5168	12
5169	12
5170	12
5171	8
5172	8
5173	8
5174	8
5175	8
5176	8
5177	8
5178	8
5179	8
5180	8
5181	8
5182	8
5183	8
5184	8
5185	8
5186	8
5187	8
5188	12
5189	12
5190	12
5191	12
5192	12
5193	1
5194	1
5195	1
5196	1
5197	1
5198	1
5199	1
5200	1
5201	1
5202	1
5203	1
5204	1
5205	1
5206	1
5207	1
5208	1
5209	1
5210	12
5211	12
5212	12
5213	12
5214	12
5215	12
5216	12
5217	12
5218	12
5219	12
5220	12
5221	12
5222	12
5223	12
5224	12
5225	12
5226	12
5227	12
5228	12
5229	12
5230	12
5231	12
5232	8
5233	8
5234	8
5235	8
5236	8
5237	8
5238	8
5239	8
5240	8
5241	8
5242	8
5243	12
5244	12
5245	12
5246	12
5247	12
5248	1
5249	1
5250	1
5251	1
5252	1
5253	1
5254	1
5255	1
5256	1
5257	1
5258	1
5259	1
5260	1
5261	1
5262	1
5263	1
5264	1
5265	1
5266	12
5267	12
5268	12
5269	12
5270	12
5271	12
5272	12
5273	12
5274	12
5275	12
5276	12
5277	12
5278	12
5279	12
5280	12
5281	12
5282	12
5283	12
5284	12
5285	8
5286	8
5287	8
5288	8
5289	8
5290	8
5291	8
5292	8
5293	8
5294	12
5295	12
5296	12
5297	12
5298	12
5299	1
5300	1
5301	1
5302	1
5303	1
5304	1
5305	1
5306	1
5307	1
5308	1
5309	1
5310	1
5311	1
5312	1
5313	1
5314	1
5315	1
5316	1
5317	12
5318	12
5319	12
5320	12
5321	12
5322	12
5323	12
5324	12
5325	12
5326	12
5327	12
5328	12
5329	12
5330	12
5331	12
5332	8
5333	12
5334	12
5335	12
5336	12
5337	12
5338	12
5339	1
5340	1
5341	1
5342	1
5343	1
5344	1
5345	1
5346	1
5347	1
5348	1
5349	1
5350	1
5351	1
5352	1
5353	1
5354	1
5355	1
5356	1
5357	12
5358	12
5359	12
5360	12
5361	12
5362	12
5363	12
5364	12
5365	12
5366	12
5367	12
5368	12
5369	12
5370	12
5371	12
5372	12
5373	12
5374	12
5375	12
5376	12
5377	1
5378	1
5379	1
5380	1
5381	1
5382	1
5383	1
5384	1
5385	1
5386	1
5387	1
5388	1
5389	1
5390	1
5391	1
5392	1
5393	1
5394	1
5395	12
5396	12
5397	12
5398	12
5399	12
5400	12
5401	12
5402	12
5403	12
5404	12
5405	12
5406	12
5407	12
5408	12
5409	12
5410	12
5411	12
5412	12
5413	12
5414	12
5415	12
5416	12
5417	12
5418	12
5419	12
5420	12
5421	12
5422	12
5423	12
5424	1
5425	1
5426	1
5427	1
5428	1
5429	1
5430	1
5431	1
5432	1
5433	1
5434	1
5435	1
5436	1
5437	1
5438	1
5439	1
5440	12
5441	12
5442	12
5443	12
5444	12
5445	12
5446	12
5447	12
5448	12
5449	12
5450	12
5451	12
5452	12
5453	12
5454	12
5455	12
5456	12
5457	12
5458	12
5459	12
5460	12
5461	12
5462	12
5463	12
5464	12
5465	12
5466	12
5467	12
5468	12
5469	12
5470	12
5471	12
5472	1
5473	1
5474	1
5475	1
5476	1
5477	1
5478	1
5479	1
5480	1
5481	1
5482	1
5483	1
5484	1
5485	1
5486	1
5487	1
5488	12
5489	12
5490	12
5491	12
5492	12
5493	12
5494	12
5495	12
5496	12
5497	12
5498	12
5499	12
5500	12
5501	12
5502	12
5503	12
5504	12
5505	12
5506	12
5507	12
5508	12
5509	12
5510	12
5511	12
5512	12
5513	12
5514	12
5515	12
5516	12
5517	12
5518	12
5519	12
5520	12
5521	12
5522	12
5523	12
5524	17
5525	17
5526	1
5527	1
5528	1
5529	1
5530	1
5531	1
5532	1
5533	1
5534	1
5535	1
5536	1
5537	1
5538	1
5539	1
5540	1
5541	12
5542	12
5543	12
5544	12
5545	12
5546	12
5547	12
5548	12
5549	12
5550	12
5551	12
5552	12
5553	12
5554	12
5555	12
5556	12
5557	12
5558	12
5559	12
5560	12
5561	12
5562	12
5563	12
5564	12
5565	12
5566	12
5567	12
5568	12
5569	12
5570	12
5571	12
5572	12
5573	12
5574	12
5575	12
5576	12
5577	12
5578	12
5579	12
5580	12
5581	17
5582	17
5583	17
5584	17
5585	17
5586	1
5587	1
5588	1
5589	1
5590	1
5591	1
5592	1
5593	1
5594	1
5595	1
5596	1
5597	1
5598	1
5599	1
5600	12
5601	12
5602	12
5603	12
5604	12
5605	12
5606	12
5607	12
5608	12
5609	12
5610	12
5611	12
5612	12
5613	12
5614	12
5615	12
5616	12
5617	12
5618	12
5619	12
5620	12
5621	12
5622	12
5623	12
5624	12
5625	12
5626	12
5627	12
5628	12
5629	12
5630	12
5631	12
5632	12
5633	12
5634	12
5635	12
5636	12
5637	12
5638	12
5639	12
5640	12
5641	12
5642	12
5643	12
5644	12
5645	17
5646	17
5647	17
5648	17
5649	17
5650	1
5651	1
5652	1
5653	1
5654	1
5655	1
5656	1
5657	1
5658	1
5659	1
5660	1
5661	1
5662	12
5663	12
5664	12
5665	12
5666	12
5667	12
5668	12
5669	12
5670	12
5671	12
5672	12
5673	12
5674	12
5675	12
5676	12
5677	12
5678	12
5679	12
5680	12
5681	12
5682	12
5683	12
5684	12
5685	12
5686	12
5687	12
5688	12
5689	12
5690	12
5691	12
5692	12
5693	12
5694	12
5695	12
5696	12
5697	12
5698	12
5699	12
5700	12
5701	12
5702	12
5703	12
5704	12
5705	12
5706	12
5707	12
5708	12
5709	12
5710	12
5711	17
5712	17
5713	17
5714	17
5715	17
5716	17
5717	17
5718	1
5719	1
5720	1
5721	1
5722	1
5723	1
5724	1
5725	1
5726	1
5727	1
5728	12
5729	12
5730	12
5731	12
5732	12
5733	12
5734	12
5735	12
5736	12
5737	12
5738	12
5739	12
5740	12
5741	12
5742	12
5743	12
5744	12
5745	12
5746	12
5747	12
5748	12
5749	12
5750	12
5751	12
5752	12
5753	12
5754	12
5755	12
5756	12
5757	12
5758	12
5759	12
5760	12
5761	12
5762	12
5763	12
5764	12
5765	12
5766	12
5767	12
5768	12
5769	12
5770	12
5771	12
5772	12
5773	12
5774	12
5775	12
5776	12
5777	12
5778	17
5779	17
5780	17
5781	17
5782	17
5783	17
5784	17
5785	1
5786	1
5787	12
5788	12
5789	12
5790	12
5791	12
5792	12
5793	12
5794	12
5795	12
5796	12
5797	12
5798	12
5799	12
5800	12
5801	12
5802	12
5803	12
5804	12
5805	12
5806	12
5807	12
5808	12
5809	12
5810	12
5811	12
5812	12
5813	12
5814	12
5815	12
5816	12
5817	12
5818	12
5819	12
5820	12
5821	12
5822	12
5823	12
5824	12
5825	12
5826	12
5827	12
5828	12
5829	12
5830	12
5831	12
5832	12
5833	12
5834	12
5835	12
5836	12
5837	17
5838	17
5839	17
5840	17
5841	17
5842	17
5843	17
5844	17
5845	17
5846	12
5847	12
5848	12
5849	12
5850	12
5851	12
5852	12
5853	12
5854	12
5855	12
5856	12
5857	12
5858	12
5859	12
5860	12
5861	12
5862	12
5863	12
5864	12
5865	12
5866	12
5867	12
5868	12
5869	12
5870	12
5871	12
5872	12
5873	12
5874	12
5875	12
5876	12
5877	12
5878	12
5879	12
5880	12
5881	12
5882	12
5883	12
5884	12
5885	12
5886	12
5887	12
5888	12
5889	12
5890	12
5891	12
5892	12
5893	12
5894	12
5895	12
5896	12
5897	12
5898	17
5899	17
5900	17
5901	17
5902	17
5903	17
5904	17
5905	17
5906	17
5907	17
5908	17
5909	17
5910	17
5911	17
5912	17
5913	12
5914	12
5915	12
5916	12
5917	12
5918	12
5919	12
5920	12
5921	12
5922	12
5923	12
5924	12
5925	12
5926	12
5927	12
5928	12
5929	12
5930	12
5931	12
5932	12
5933	12
5934	12
5935	12
5936	12
5937	12
5938	12
5939	12
5940	12
5941	12
5942	12
5943	12
5944	12
5945	12
5946	12
5947	12
5948	12
5949	12
5950	12
5951	12
5952	12
5953	12
5954	12
5955	12
5956	12
5957	12
5958	12
5959	12
5960	17
5961	17
5962	17
5963	17
5964	17
5965	17
5966	17
5967	17
5968	17
5969	17
5970	17
5971	17
5972	17
5973	17
5974	17
5975	17
5976	17
5977	17
5978	17
5979	12
5980	12
5981	12
5982	12
5983	12
5984	12
5985	12
5986	12
5987	12
5988	12
5989	12
5990	12
5991	12
5992	12
5993	12
5994	12
5995	12
5996	12
5997	12
5998	12
5999	12
6000	12
6001	12
6002	12
6003	12
6004	12
6005	12
6006	12
6007	12
6008	12
6009	12
6010	12
6011	12
6012	12
6013	12
6014	12
6015	12
6016	12
6017	12
6018	12
6019	12
6020	12
6021	12
6022	12
6023	17
6024	17
6025	17
6026	17
6027	17
6028	17
6029	17
6030	17
6031	17
6032	17
6033	17
6034	17
6035	17
6036	17
6037	17
6038	17
6039	17
6040	17
6041	17
6042	17
6043	17
6044	17
6045	12
6046	12
6047	12
6048	12
6049	12
6050	12
6051	12
6052	12
6053	12
6054	12
6055	12
6056	12
6057	12
6058	12
6059	12
6060	12
6061	12
6062	12
6063	12
6064	12
6065	12
6066	12
6067	12
6068	12
6069	12
6070	12
6071	12
6072	12
6073	12
6074	12
6075	12
6076	12
6077	12
6078	12
6079	12
6080	12
6081	17
6082	17
6083	17
6084	17
6085	17
6086	17
6087	17
6088	17
6089	17
6090	17
6091	17
6092	17
6093	17
6094	17
6095	17
6096	17
6097	17
6098	17
6099	17
6100	17
6101	17
6102	17
6103	17
6104	17
6105	12
6106	12
6107	12
6108	12
6109	12
6110	12
6111	12
6112	12
6113	12
6114	12
6115	12
6116	12
6117	12
6118	12
6119	12
6120	12
6121	12
6122	12
6123	12
6124	12
6125	12
6126	12
6127	12
6128	12
6129	12
6130	12
6131	12
6132	17
6133	17
6134	17
6135	17
6136	17
6137	17
6138	17
6139	17
6140	17
6141	17
6142	17
6143	17
6144	17
6145	17
6146	17
6147	17
6148	17
6149	17
6150	17
6151	17
6152	17
6153	17
6154	17
6155	17
6156	12
6157	12
6158	12
6159	12
6160	12
6161	12
6162	12
6163	12
6164	12
6165	12
6166	12
6167	12
6168	12
6169	12
6170	12
6171	12
6172	12
6173	12
6174	12
6175	12
6176	12
6177	12
6178	12
6179	12
6180	12
6181	12
6182	12
6183	12
6184	12
6185	17
6186	17
6187	17
6188	17
6189	17
6190	17
6191	17
6192	17
6193	17
6194	17
6195	17
6196	17
6197	17
6198	17
6199	17
6200	17
6201	17
6202	17
6203	17
6204	17
6205	17
6206	17
6207	17
6208	17
6209	17
6210	12
6211	12
6212	12
6213	12
6214	12
6215	12
6216	12
6217	12
6218	12
6219	12
6220	12
6221	12
6222	12
6223	12
6224	12
6225	12
6226	12
6227	12
6228	12
6229	12
6230	12
6231	12
6232	12
6233	12
6234	12
6235	12
6236	12
6237	12
6238	12
6239	12
6240	12
6241	12
6242	12
6243	12
6244	12
6245	12
6246	12
6247	12
6248	12
6249	12
6250	17
6251	17
6252	17
6253	17
6254	17
6255	17
6256	17
6257	17
6258	17
6259	17
6260	17
6261	17
6262	17
6263	17
6264	17
6265	17
6266	17
6267	17
6268	17
6269	17
6270	17
6271	17
6272	17
6273	17
6274	17
6275	17
6276	17
6277	17
6278	12
6279	12
6280	12
6281	12
6282	12
6283	12
6284	12
6285	12
6286	12
6287	12
6288	12
6289	12
6290	12
6291	12
6292	12
6293	12
6294	12
6295	12
6296	12
6297	12
6298	12
6299	12
6300	12
6301	12
6302	12
6303	12
6304	12
6305	12
6306	12
6307	12
6308	12
6309	12
6310	12
6311	12
6312	12
6313	12
6314	12
6315	12
6316	12
6317	17
6318	17
6319	17
6320	17
6321	17
6322	17
6323	17
6324	17
6325	17
6326	17
6327	17
6328	17
6329	17
6330	17
6331	17
6332	17
6333	17
6334	17
6335	17
6336	17
6337	17
6338	17
6339	17
6340	17
6341	17
6342	17
6343	17
6344	17
6345	12
6346	12
6347	12
6348	12
6349	12
6350	12
6351	12
6352	12
6353	12
6354	12
6355	12
6356	12
6357	12
6358	12
6359	12
6360	12
6361	12
6362	12
6363	12
6364	12
6365	12
6366	12
6367	12
6368	12
6369	12
6370	12
6371	12
6372	12
6373	17
6374	17
6375	17
6376	17
6377	17
6378	17
6379	17
6380	17
6381	17
6382	17
6383	17
6384	17
6385	17
6386	17
6387	17
6388	17
6389	17
6390	17
6391	17
6392	17
6393	17
6394	17
6395	17
6396	17
6397	12
6398	12
6399	12
6400	12
6401	12
6402	12
6403	12
6404	12
6405	12
6406	17
6407	17
6408	17
6409	17
6410	17
6411	17
6412	17
6413	17
6414	17
6415	17
6416	17
6417	17
6418	17
6419	17
6420	17
6421	17
6422	17
6423	17
6424	17
6425	17
6426	17
6427	17
6428	12
6429	12
6430	12
6431	12
6432	12
6433	12
6434	12
6435	12
6436	17
6437	17
6438	17
6439	17
6440	17
6441	17
6442	17
6443	17
6444	17
6445	17
6446	17
6447	17
6448	17
6449	17
6450	17
6451	17
6452	17
6453	17
6454	17
6455	12
6456	12
6457	12
6458	12
6459	12
6460	12
6461	12
6462	12
6463	17
6464	17
6465	17
6466	17
6467	17
6468	17
6469	17
6470	17
6471	17
6472	17
6473	17
6474	17
6475	17
6476	17
6477	17
6478	12
6479	12
6480	12
6481	12
6482	12
6483	12
6484	12
6485	17
6486	17
6487	17
6488	17
6489	17
6490	17
6491	17
6492	17
6493	17
6494	17
6495	17
6496	12
6497	12
6498	12
6499	12
6500	12
6501	12
6502	17
6503	17
6504	17
6505	17
6506	17
6507	17
6508	17
6509	17
6510	17
6511	17
6512	17
6513	12
6514	12
6515	12
6516	12
6517	12
6518	12
6519	17
6520	17
6521	17
6522	17
6523	17
6524	17
6525	17
6526	17
6527	17
6528	12
6529	12
6530	12
6531	12
6532	12
6533	12
6534	17
6535	17
6536	17
6537	17
6538	17
6539	17
6540	17
6541	17
6542	12
6543	12
6544	12
6545	12
6546	12
6547	12
6548	17
6549	17
6550	17
6551	17
6552	17
6553	17
6554	17
6555	17
6556	12
6557	12
6558	12
6559	12
6560	12
6561	12
6562	12
6563	17
6564	17
6565	17
6566	17
6567	17
6568	17
6569	17
6570	17
6571	12
6572	12
6573	12
6574	12
6575	12
6576	12
6577	12
6578	17
6579	17
6580	17
6581	17
6582	17
6583	17
6584	17
6585	17
6586	17
6587	12
6588	12
6589	12
6590	12
6591	12
6592	12
6593	12
6594	17
6595	17
6596	17
6597	17
6598	17
6599	17
6600	17
6601	17
6602	17
6603	17
6604	17
6605	17
6606	17
6607	17
6608	12
6609	12
6610	12
6611	12
6612	12
6613	12
6614	12
6615	17
6616	17
6617	17
6618	17
6619	17
6620	17
6621	17
6622	17
6623	17
6624	17
6625	17
6626	17
6627	17
6628	17
6629	12
6630	12
6631	12
6632	12
6633	12
6634	12
6635	12
6636	12
6637	12
6638	17
6639	17
6640	17
6641	17
6642	17
6643	17
6644	17
6645	17
6646	17
6647	17
6648	17
6649	17
6650	17
6651	12
6652	12
6653	12
6654	12
6655	12
6656	12
6657	12
6658	12
6659	12
6660	12
6661	12
6662	17
6663	17
6664	17
6665	17
6666	17
6667	17
6668	17
6669	17
6670	17
6671	17
6672	17
6673	17
6674	17
6675	10
6676	10
6677	10
6678	10
6679	12
6680	12
6681	12
6682	12
6683	12
6684	12
6685	12
6686	12
6687	12
6688	12
6689	17
6690	17
6691	17
6692	17
6693	17
6694	17
6695	17
6696	17
6697	17
6698	17
6699	17
6700	17
6701	10
6702	10
6703	10
6704	10
6705	10
6706	10
6707	10
6708	10
6709	12
6710	12
6711	12
6712	12
6713	12
6714	12
6715	12
6716	12
6717	17
6718	17
6719	17
6720	17
6721	17
6722	17
6723	17
6724	17
6725	17
6726	10
6727	10
6728	10
6729	10
6730	10
6731	10
6732	10
6733	10
6734	10
6735	10
6736	10
6737	10
6738	12
6739	12
6740	12
6741	12
6742	17
6743	17
6744	17
6745	17
6746	17
6747	17
6748	17
6749	10
6750	10
6751	10
6752	10
6753	10
6754	10
6755	10
6756	10
6757	10
6758	10
6759	10
6760	10
6761	10
6762	12
6763	12
6764	12
6765	17
6766	17
6767	17
6768	17
6769	17
6770	17
6771	17
6772	10
6773	10
6774	10
6775	10
6776	10
6777	10
6778	10
6779	10
6780	10
6781	10
6782	10
6783	10
6784	10
6785	10
6786	12
6787	12
6788	12
6789	17
6790	17
6791	17
6792	17
6793	17
6794	17
6795	17
6796	10
6797	10
6798	10
6799	10
6800	10
6801	10
6802	10
6803	10
6804	10
6805	10
6806	10
6807	10
6808	10
6809	10
6810	12
6811	12
6812	12
6813	12
6814	17
6815	17
6816	17
6817	17
6818	17
6819	17
6820	10
6821	10
6822	10
6823	10
6824	10
6825	10
6826	10
6827	10
6828	10
6829	10
6830	10
6831	10
6832	10
6833	10
6834	20
6835	20
6836	12
6837	12
6838	12
6839	12
6840	17
6841	17
6842	17
6843	17
6844	17
6845	10
6846	10
6847	10
6848	10
6849	10
6850	10
6851	10
6852	10
6853	10
6854	10
6855	10
6856	10
6857	10
6858	10
6859	20
6860	20
6861	20
6862	20
6863	20
6864	12
6865	12
6866	12
6867	12
6868	12
6869	17
6870	17
6871	17
6872	17
6873	17
6874	10
6875	10
6876	10
6877	10
6878	10
6879	10
6880	10
6881	10
6882	10
6883	10
6884	10
6885	10
6886	10
6887	10
6888	10
6889	20
6890	20
6891	20
6892	20
6893	12
6894	12
6895	12
6896	12
6897	12
6898	17
6899	17
6900	17
6901	17
6902	17
6903	17
6904	10
6905	10
6906	10
6907	10
6908	10
6909	10
6910	10
6911	10
6912	10
6913	10
6914	10
6915	10
6916	10
6917	10
6918	20
6919	20
6920	20
6921	12
6922	12
6923	12
6924	12
6925	17
6926	17
6927	17
6928	17
6929	17
6930	17
6931	17
6932	10
6933	10
6934	10
6935	10
6936	10
6937	10
6938	10
6939	10
6940	10
6941	10
6942	10
6943	10
6944	10
6945	12
6946	12
6947	12
6948	12
6949	17
6950	17
6951	17
6952	17
6953	17
6954	17
6955	17
6956	10
6957	10
6958	10
6959	10
6960	10
6961	10
6962	10
6963	10
6964	10
6965	10
6966	10
6967	10
6968	10
6969	12
6970	12
6971	12
6972	12
6973	12
6974	12
6975	12
6976	17
6977	17
6978	17
6979	17
6980	17
6981	17
6982	17
6983	10
6984	10
6985	10
6986	10
6987	10
6988	10
6989	10
6990	10
6991	10
6992	10
6993	10
6994	10
6995	10
6996	12
6997	12
6998	12
6999	12
7000	12
7001	12
7002	12
7003	12
7004	12
7005	12
7006	12
7007	12
7008	17
7009	17
7010	17
7011	17
7012	17
7013	17
7014	10
7015	10
7016	10
7017	10
7018	10
7019	10
7020	10
7021	10
7022	10
7023	10
7024	10
7025	10
7026	10
7027	10
7028	12
7029	12
7030	12
7031	12
7032	12
7033	12
7034	12
7035	12
7036	12
7037	12
7038	12
7039	12
7040	12
7041	12
7042	17
7043	17
7044	17
7045	17
7046	17
7047	17
7048	17
7049	17
7050	19
7051	19
7052	10
7053	10
7054	10
7055	10
7056	10
7057	10
7058	10
7059	10
7060	10
7061	10
7062	10
7063	10
7064	12
7065	12
7066	12
7067	12
7068	12
7069	12
7070	12
7071	12
7072	12
7073	12
7074	12
7075	12
7076	12
7077	17
7078	17
7079	17
7080	17
7081	17
7082	17
7083	17
7084	17
7085	17
7086	19
7087	19
7088	10
7089	10
7090	10
7091	10
7092	10
7093	10
7094	10
7095	10
7096	12
7097	12
7098	12
7099	12
7100	12
7101	12
7102	12
7103	12
7104	12
7105	12
7106	12
7107	12
7108	17
7109	17
7110	17
7111	17
7112	17
7113	17
7114	17
7115	17
7116	17
7117	17
7118	19
7119	19
7120	10
7121	10
7122	10
7123	10
7124	10
7125	12
7126	12
7127	12
7128	12
7129	12
7130	12
7131	12
7132	12
7133	12
7134	12
7135	17
7136	17
7137	17
7138	17
7139	17
7140	17
7141	17
7142	17
7143	17
7144	17
7145	12
7146	12
7147	12
7148	12
7149	12
7150	12
7151	12
7152	12
7153	12
7154	12
7155	12
7156	12
7157	12
7158	12
7159	12
7160	12
7161	17
7162	17
7163	17
7164	17
7165	17
7166	17
7167	17
7168	17
7169	17
7170	17
7171	19
7172	19
7173	12
7174	12
7175	12
7176	12
7177	12
7178	12
7179	12
7180	12
7181	12
7182	12
7183	12
7184	12
7185	12
7186	12
7187	12
7188	17
7189	17
7190	17
7191	17
7192	17
7193	17
7194	17
7195	17
7196	17
7197	17
7198	19
7199	19
7200	12
7201	12
7202	12
7203	17
7204	17
7205	17
7206	17
7207	17
7208	17
7209	17
7210	17
7211	19
7212	19
7213	12
7214	12
7215	12
7216	17
7217	17
7218	17
7219	17
7220	17
7221	19
7222	19
7223	12
7224	12
7225	12
7226	17
7227	17
7228	17
7229	17
7230	12
7231	17
7232	17
7233	17
7234	17
7235	17
7236	17
7237	17
7238	17
7239	10
7240	10
7241	17
7242	17
7243	17
7244	19
7245	17
7246	17
7247	17
7248	17
7249	17
7250	17
7251	17
7252	17
7253	17
7254	19
7255	12
7256	12
7257	3
7258	17
7259	17
7260	17
7261	17
7262	17
7263	19
7264	12
7265	12
7266	3
7267	3
7268	3
7269	3
7270	3
7271	3
7272	3
7273	3
7274	17
7275	17
7276	17
7277	17
7278	3
7279	3
7280	3
7281	3
7282	3
7283	3
7284	3
7285	3
7286	3
7287	3
7288	3
7289	3
7290	3
7291	3
7292	17
7293	17
7294	17
7295	17
7296	17
7297	3
7298	3
7299	3
7300	3
7301	3
7302	3
7303	3
7304	3
7305	3
7306	3
7307	3
7308	3
7309	3
7310	3
7311	3
7312	3
7313	17
7314	17
7315	17
7316	17
7317	17
7318	7
7319	7
7320	7
7321	7
7322	7
7323	7
7324	7
7325	7
7326	3
7327	3
7328	3
7329	3
7330	3
7331	3
7332	3
7333	3
7334	3
7335	3
7336	3
7337	3
7338	3
7339	3
7340	3
7341	3
7342	3
7343	3
7344	17
7345	17
7346	17
7347	17
7348	7
7349	7
7350	7
7351	7
7352	7
7353	7
7354	7
7355	7
7356	7
7357	7
7358	12
7359	12
7360	3
7361	3
7362	3
7363	3
7364	3
7365	3
7366	3
7367	3
7368	3
7369	3
7370	3
7371	3
7372	3
7373	3
7374	3
7375	3
7376	3
7377	3
7378	3
7379	17
7380	17
7381	17
7382	17
7383	17
7384	7
7385	7
7386	7
7387	7
7388	7
7389	7
7390	7
7391	7
7392	7
7393	7
7394	7
7395	7
7396	7
7397	7
7398	12
7399	12
7400	3
7401	3
7402	3
7403	3
7404	3
7405	3
7406	3
7407	3
7408	3
7409	3
7410	3
7411	3
7412	3
7413	3
7414	3
7415	3
7416	3
7417	3
7418	3
7419	3
7420	17
7421	17
7422	17
7423	17
7424	17
7425	7
7426	7
7427	7
7428	7
7429	7
7430	7
7431	7
7432	7
7433	7
7434	7
7435	7
7436	7
7437	7
7438	7
7439	7
7440	7
7441	12
7442	12
7443	3
7444	3
7445	3
7446	3
7447	3
7448	3
7449	3
7450	3
7451	3
7452	3
7453	3
7454	3
7455	3
7456	3
7457	3
7458	3
7459	3
7460	3
7461	3
7462	3
7463	17
7464	17
7465	17
7466	17
7467	19
7468	19
7469	19
7470	7
7471	7
7472	7
7473	7
7474	7
7475	7
7476	7
7477	7
7478	7
7479	7
7480	7
7481	7
7482	7
7483	7
7484	7
7485	7
7486	7
7487	12
7488	3
7489	3
7490	3
7491	3
7492	3
7493	3
7494	3
7495	3
7496	3
7497	3
7498	3
7499	3
7500	3
7501	3
7502	3
7503	3
7504	3
7505	3
7506	3
7507	3
7508	3
7509	17
7510	17
7511	17
7512	17
7513	19
7514	19
7515	19
7516	19
7517	19
7518	19
7519	19
7520	19
7521	19
7522	7
7523	7
7524	7
7525	7
7526	7
7527	7
7528	7
7529	7
7530	7
7531	7
7532	7
7533	7
7534	7
7535	7
7536	7
7537	7
7538	7
7539	12
7540	12
7541	3
7542	3
7543	3
7544	3
7545	3
7546	3
7547	3
7548	3
7549	3
7550	3
7551	3
7552	3
7553	3
7554	3
7555	3
7556	3
7557	3
7558	3
7559	3
7560	3
7561	3
7562	17
7563	17
7564	17
7565	19
7566	19
7567	19
7568	19
7569	19
7570	19
7571	19
7572	19
7573	19
7574	19
7575	19
7576	19
7577	19
7578	19
7579	19
7580	19
7581	19
7582	19
7583	19
7584	7
7585	7
7586	7
7587	7
7588	7
7589	7
7590	7
7591	7
7592	7
7593	7
7594	7
7595	7
7596	7
7597	7
7598	7
7599	7
7600	7
7601	7
7602	12
7603	12
7604	3
7605	3
7606	3
7607	3
7608	3
7609	3
7610	3
7611	3
7612	3
7613	3
7614	3
7615	3
7616	3
7617	3
7618	3
7619	3
7620	3
7621	3
7622	3
7623	3
7624	17
7625	17
7626	17
7627	17
7628	19
7629	19
7630	19
7631	19
7632	19
7633	19
7634	19
7635	19
7636	19
7637	19
7638	19
7639	19
7640	19
7641	19
7642	19
7643	19
7644	19
7645	19
7646	7
7647	7
7648	7
7649	7
7650	7
7651	7
7652	7
7653	7
7654	7
7655	7
7656	7
7657	7
7658	7
7659	7
7660	7
7661	7
7662	7
7663	7
7664	7
7665	12
7666	12
7667	12
7668	3
7669	3
7670	3
7671	3
7672	3
7673	3
7674	3
7675	3
7676	3
7677	3
7678	3
7679	3
7680	3
7681	3
7682	3
7683	3
7684	3
7685	3
7686	3
7687	17
7688	17
7689	17
7690	17
7691	19
7692	19
7693	19
7694	19
7695	19
7696	19
7697	19
7698	19
7699	19
7700	19
7701	19
7702	19
7703	7
7704	7
7705	7
7706	7
7707	7
7708	7
7709	7
7710	7
7711	7
7712	7
7713	7
7714	7
7715	7
7716	7
7717	7
7718	7
7719	7
7720	7
7721	7
7722	7
7723	12
7724	12
7725	12
7726	3
7727	3
7728	3
7729	3
7730	3
7731	3
7732	3
7733	3
7734	3
7735	3
7736	3
7737	3
7738	3
7739	3
7740	3
7741	3
7742	3
7743	3
7744	17
7745	17
7746	17
7747	19
7748	19
7749	19
7750	19
7751	19
7752	19
7753	19
7754	19
7755	19
7756	19
7757	19
7758	19
7759	19
7760	7
7761	7
7762	7
7763	7
7764	7
7765	7
7766	7
7767	7
7768	7
7769	7
7770	7
7771	7
7772	7
7773	7
7774	7
7775	7
7776	7
7777	7
7778	7
7779	12
7780	12
7781	12
7782	12
7783	3
7784	3
7785	3
7786	3
7787	3
7788	3
7789	3
7790	3
7791	3
7792	3
7793	3
7794	3
7795	3
7796	3
7797	3
7798	3
7799	17
7800	17
7801	17
7802	19
7803	19
7804	19
7805	19
7806	19
7807	19
7808	19
7809	19
7810	19
7811	19
7812	19
7813	19
7814	7
7815	7
7816	7
7817	7
7818	7
7819	7
7820	7
7821	7
7822	7
7823	7
7824	7
7825	7
7826	7
7827	7
7828	7
7829	7
7830	7
7831	7
7832	7
7833	12
7834	12
7835	12
7836	12
7837	12
7838	3
7839	3
7840	3
7841	3
7842	3
7843	3
7844	3
7845	3
7846	3
7847	3
7848	3
7849	3
7850	3
7851	17
7852	17
7853	17
7854	19
7855	19
7856	19
7857	19
7858	19
7859	19
7860	19
7861	19
7862	19
7863	19
7864	19
7865	7
7866	7
7867	7
7868	7
7869	7
7870	7
7871	7
7872	7
7873	7
7874	7
7875	7
7876	7
7877	7
7878	7
7879	7
7880	7
7881	7
7882	7
7883	7
7884	12
7885	12
7886	12
7887	12
7888	12
7889	17
7890	17
7891	17
7892	19
7893	19
7894	19
7895	19
7896	19
7897	19
7898	19
7899	19
7900	19
7901	19
7902	19
7903	19
7904	19
7905	7
7906	7
7907	7
7908	7
7909	7
7910	7
7911	7
7912	7
7913	7
7914	7
7915	7
7916	7
7917	7
7918	7
7919	7
7920	7
7921	7
7922	7
7923	12
7924	12
7925	12
7926	12
7927	12
7928	17
7929	17
7930	17
7931	17
7932	19
7933	19
7934	19
7935	19
7936	19
7937	19
7938	19
7939	19
7940	19
7941	19
7942	19
7943	19
7944	7
7945	7
7946	7
7947	7
7948	7
7949	7
7950	7
7951	7
7952	7
7953	7
7954	7
7955	7
7956	7
7957	7
7958	7
7959	7
7960	12
7961	12
7962	12
7963	12
7964	17
7965	17
7966	17
7967	17
7968	19
7969	19
7970	19
7971	19
7972	19
7973	19
7974	19
7975	19
7976	19
7977	19
7978	19
7979	19
7980	19
7981	7
7982	7
7983	7
7984	7
7985	7
7986	7
7987	7
7988	7
7989	7
7990	7
7991	7
7992	7
7993	7
7994	7
7995	7
7996	12
7997	12
7998	12
7999	12
8000	17
8001	17
8002	17
8003	17
8004	17
8005	19
8006	19
8007	19
8008	19
8009	19
8010	19
8011	19
8012	19
8013	19
8014	19
8015	19
8016	7
8017	7
8018	7
8019	7
8020	7
8021	7
8022	7
8023	7
8024	7
8025	7
8026	12
8027	12
8028	12
8029	17
8030	17
8031	17
8032	17
8033	17
8034	19
8035	19
8036	19
8037	19
8038	19
8039	19
8040	19
8041	19
8042	19
8043	19
8044	7
8045	7
8046	7
8047	7
8048	7
8049	7
8050	7
8051	7
8052	7
8053	7
8054	12
8055	12
8056	12
8057	17
8058	17
8059	17
8060	17
8061	19
8062	19
8063	19
8064	19
8065	19
8066	19
8067	19
8068	19
8069	19
8070	7
8071	7
8072	7
8073	7
8074	7
8075	7
8076	12
8077	12
8078	12
8079	17
8080	17
8081	17
8082	17
8083	19
8084	19
8085	19
8086	19
8087	19
8088	19
8089	19
8090	19
8091	19
8092	19
8093	12
8094	12
8095	12
8096	12
8097	17
8098	17
8099	17
8100	17
8101	19
8102	19
8103	19
8104	19
8105	19
8106	19
8107	19
8108	19
8109	19
8110	19
8111	12
8112	12
8113	12
8114	12
8115	17
8116	17
8117	17
8118	17
8119	19
8120	19
8121	19
8122	19
8123	19
8124	19
8125	19
8126	19
8127	19
8128	12
8129	12
8130	12
8131	17
8132	17
8133	17
8134	17
8135	19
8136	19
8137	19
8138	19
8139	19
8140	19
8141	19
8142	19
8143	19
8144	19
8145	12
8146	12
8147	12
8148	17
8149	17
8150	17
8151	17
8152	19
8153	19
8154	19
8155	19
8156	19
8157	19
8158	19
8159	19
8160	19
8161	19
8162	12
8163	12
8164	12
8165	17
8166	17
8167	17
8168	17
8169	19
8170	19
8171	19
8172	19
8173	19
8174	19
8175	19
8176	19
8177	12
8178	12
8179	12
8180	17
8181	17
8182	17
8183	17
8184	17
8185	19
8186	19
8187	19
8188	19
8189	19
8190	19
8191	12
8192	12
8193	12
8194	12
8195	17
8196	17
8197	17
8198	17
8199	17
8200	17
8201	17
8202	17
8203	17
8204	19
8205	19
8206	19
8207	19
8208	19
8209	19
8210	12
8211	12
8212	12
8213	17
8214	17
8215	17
8216	17
8217	17
8218	17
8219	17
8220	17
8221	17
8222	17
8223	19
8224	19
8225	19
8226	19
8227	19
8228	12
8229	12
8230	17
8231	17
8232	17
8233	17
8234	17
8235	17
8236	17
8237	17
8238	17
8239	18
8240	19
8241	19
8242	19
8243	19
8244	12
8245	17
8246	17
8247	17
8248	17
8249	17
8250	17
8251	17
8252	17
8253	17
8254	17
8255	17
8256	17
8257	17
8258	17
8259	18
8260	18
8261	18
8262	18
8263	19
8264	19
8265	12
8266	12
8267	17
8268	17
8269	17
8270	17
8271	17
8272	17
8273	17
8274	17
8275	17
8276	17
8277	17
8278	17
8279	17
8280	17
8281	17
8282	18
8283	18
8284	18
8285	18
8286	18
8287	18
8288	19
8289	19
8290	12
8291	12
8292	17
8293	17
8294	17
8295	17
8296	17
8297	17
8298	18
8299	18
8300	18
8301	18
8302	18
8303	18
8304	18
8305	18
8306	18
8307	18
8308	18
8309	18
8310	18
8311	18
8312	18
8313	19
8314	19
8315	12
8316	17
8317	17
8318	17
8319	17
8320	17
8321	18
8322	18
8323	18
8324	18
8325	18
8326	18
8327	18
8328	18
8329	18
8330	18
8331	18
8332	18
8333	18
8334	18
8335	18
8336	19
8337	19
8338	19
8339	17
8340	17
8341	18
8342	18
8343	18
8344	18
8345	18
8346	18
8347	18
8348	18
8349	18
8350	19
8351	19
8352	19
8353	18
8354	18
8355	18
8356	18
8357	18
8358	18
8359	18
8360	18
8361	18
8362	18
8363	18
8364	18
8365	18
8366	19
8367	19
8368	19
8369	19
8370	19
8371	19
8372	19
8373	18
8374	18
8375	18
8376	18
8377	18
8378	18
8379	18
8380	18
8381	18
8382	18
8383	18
8384	18
8385	18
8386	19
8387	19
8388	19
8389	19
8390	19
8391	19
8392	19
8393	19
8394	18
8395	18
8396	18
8397	18
8398	18
8399	18
8400	18
8401	18
8402	18
8403	18
8404	18
8405	18
8406	18
8407	18
8408	18
8409	19
8410	19
8411	19
8412	19
8413	19
8414	19
8415	19
8416	19
8417	18
8418	18
8419	18
8420	18
8421	18
8422	18
8423	18
8424	18
8425	18
8426	19
8427	19
8428	19
8429	19
8430	19
8431	19
8432	19
8433	19
8434	19
8435	19
8436	19
8437	19
8438	19
8439	19
8440	19
8441	19
8442	19
8443	19
8444	19
8445	19
8446	19
8447	19
8448	19
8449	19
8450	19
8451	19
8452	19
8453	19
8454	19
8455	19
8456	19
8457	19
8458	19
8459	19
8460	19
8461	19
8462	19
8463	19
8464	19
8465	19
8466	19
8467	19
8468	19
8469	19
8470	19
8471	19
8472	19
8473	19
8474	19
8475	19
8476	19
8477	19
8478	19
8479	19
8480	19
8481	19
8482	19
8483	19
8484	19
8485	19
8486	19
8487	19
8488	19
8489	19
8490	19
8491	19
8492	19
8493	19
8494	19
8495	19
8496	19
8497	19
8498	19
8499	19
8500	19
8501	19
8502	19
8503	19
8504	19
8505	19
8506	19
8507	19
8508	19
8509	19
8510	21
8511	21
8512	19
8513	19
8514	19
8515	21
8516	21
8517	21
8518	21
8519	21
8520	21
8521	21
8522	19
8523	19
8524	19
8525	19
8526	19
8527	19
8528	19
8529	21
8530	21
8531	21
8532	21
8533	21
8534	21
8535	21
8536	21
8537	21
8538	21
8539	19
8540	19
8541	19
8542	19
8543	19
8544	19
8545	19
8546	21
8547	21
8548	21
8549	21
8550	21
8551	21
8552	21
8553	21
8554	21
8555	21
8556	21
8557	19
8558	19
8559	19
8560	19
8561	19
8562	21
8563	21
8564	21
8565	21
8566	21
8567	21
8568	21
8569	21
8570	21
8571	21
8572	21
8573	21
8574	21
8575	19
8576	19
8577	19
8578	19
8579	21
8580	21
8581	21
8582	21
8583	21
8584	21
8585	21
8586	21
8587	19
8588	19
8589	21
8590	21
8591	21
8592	21
8593	19
8594	19
8595	21
8596	21
8597	21
8598	21
8599	21
8600	21
8601	21
8602	21
8603	21
8604	21
8605	21
8606	21
8607	21
8608	21
8609	21
8610	21
8611	21
8612	21
8613	18
8614	18
8615	21
8616	21
8617	21
8618	21
8619	21
8620	18
8621	18
8622	21
8623	21
8624	21
8625	21
8626	21
8627	21
8628	18
8629	18
8630	21
8631	21
8632	21
8633	21
8634	21
8635	21
8636	21
8637	18
8638	18
8639	18
8640	18
8641	18
8642	18
8643	18
8644	18
8645	21
8646	21
8647	21
8648	21
8649	21
8650	21
8651	21
8652	21
8653	21
8654	18
8655	18
8656	18
8657	18
8658	18
8659	18
8660	18
8661	18
8662	18
8663	18
8664	18
8665	21
8666	21
8667	21
8668	21
8669	21
8670	21
8671	21
8672	18
8673	18
8674	18
8675	18
8676	18
8677	18
8678	18
8679	18
8680	18
8681	18
